9
William oldiesfan77
54998148
364,369,371,383,384,400,403,426,432,467,478,500,536,542,556,559,663,309,327,333,429,506,520,526,674,415,417,430,760,775,804,860,934,944,959,510,511,558,644,654,696,334,972,512,455,337
6
50s Rock 'n' Roll
364,369,371,383,384
60s Pop Classics
400,403,426,432,467,478,415,417,430,500,526,760,775,804,860,934,972
70s Soft Rock
500,536,542,556,559,663,510,511,558,644,654,696,804,337
Golden Oldies
309,327,333,400,500
Motown Magic
426,429,506,520,526,674,400,403,415,417,430,500,760,775,804,860,934,944,959,334,455
Radiant Atmospheres
403,556,512
