61
Lily worldmusicfan
10143129
354,904,915,918,971,310,320,330,350,360,220,230,250,260,270,280,991,862,935,996,771,804,906,977,994,803,832,806,627,854,887,938,993,995,857,883,895,931,983,767,768,879,636,669,683,686,944,654,696,512,882,890,892,908,942,742,180,852,846,430,710,558,885,43,777,663,771,804,803
6
Global Beats
354,904,915,918,971,663
African Rhythms
310,320,330,350,360,904,915,918,971,977,991,862,935,354,994,996,803,832
Celtic Traditions
220,230,250,260,270,280
Middle Eastern Melodies
310,320,330,350,360
Funky Mood
260,862,777
Radiant Mood
996,230
