37
Ella diva vocals
38764791
601,638,674,771,916,954,792,966,990,300,627,652,972,927,817,865,897,901,902,904,923,761,702,722,724,758,834,281,368,844,890,918,920,304,736,266,803,179,762,790,818,878,429,458,308,706,476
8
Powerful Voices
601,638,674,771,916,954,792,966,300,990,627,652,972,927,817,865,476
Ballad Queens
771,792,916,954,966,990,308
Broadway Favorites
300,601,771,792,916,990,368
Pop Divas
627,652,674,771,916,972,706,300
Inspirational Songs
771,916,927,954,966,990,834,844
Serene Essentials
652,966,281
Funky Essentials
674,601
Edgy Mood
638,901,627,652,674,458
