82
Sean hiphophead
29489392
823,827,846,889,891,894,900,919,923,934,962,981,935,974,980,982,286,808,836,863,803,832,843,869,906,806,834,841,859,921,822,964,993,870,878,607,802,723,812,848,928,952,920,396,992,289,342,703,804,771
10
Hip-Hop Classics
823,827,846,889,891,894,900,919,923,934,962,981,935,703
Modern Rap Hits
900,919,923,934,962,981
Trap Anthems
935,974,980,982,286
Rap Collaborations
808,836,846,863,900,919
Workout Mix
803,832,843,869,906,962,992,342
Party Anthems
803,832,843,869,906,962,806,834,841,859,921,822,870,878,848,928,952,920,823,827,846,889,891,894,900,919,923
Energetic Journey
889,981,823,827,846,891,894,900,919,923,934,962,935,974,980,982,808,836,863,803,964,993,832
Blissful Hits
836,846
Energetic Sounds
894,286,823,827,846,889,891,900,919,923,934,962,981,935,964,974,980,982,993,808,836,863,803,832,396,289
Lively Vibes
823,894
