25
Sofia latinmusicfan
71865424
862,904,915,918,935,971,977,991,354,994,996,832,626,134,586,350,433,686,803,767,310,768,879,627,804,854,243,954,220,396,318,847
7
Reggaeton Beats
862,904,915,918,935,971,977,991,354,994,996,832,626
Latin Pop Hits
904,915,918,971,977,991
Salsa Classics
354,971,977,991,994,134,586,396
Bachata Favorites
971,977,991,994,996,220,318
Latin Party Mix
832,862,904,915,918,971,977,991,935,354,994,996,350,433,686
Smooth Beats
971,977,935
Classic Pulse
977,935,904,915,918,971,991,862,354,994,996,767,768,879,627,804,854,243,954,803,832,350,433,847
