24
Matthew classicalbuff
81918835
100,101,102,103,104,105,106,107,108,109,110,111,199,204,214,358,954,112,113,114,115,116,117,231,937,931,364,669,5,579,880,771,987,988,990,996,294,295,297,298,336,209,803,804,299,213,216,46,540,133,183,775,201,395,324,326,226,248,255,206,237,290,246,581,256,521,619,652,284,620,88,811,139,343,270,126,461,218,273,300,717,708,27,594,547,217,475,951,403,465,667,524,696,151,40,952,473,60,844,152,154,977,703
9
Baroque Masters
100,101,102,103,104,105,931,364,154,977
Romantic Era
106,107,108,109,110,111,199,204,214,231,358,954,937,987,988,990,996,294,295,297,298,336,209,771,803,804,299,213,216,112,114,116,117,100,101,102,103,104,105,931,364,669,46,540,133,183,775,844
Classical Piano Pieces
199,204,214,358,954,669,581,256
Raw Journey
358,954,199,204,216,201,214,231,152
Blissful Journey
364,954,199,204,214,231,358,937,987,988
Classic Hits
103,521,106,107,108,109,111,112,114,116,117,100,101,102,104,105,199,204,214,358,954,931,364,669,5,579,880,771,804,803,113,115,987,703
Serene Atmospheres
213,108
Cosmic Sounds
216,102
Dreamy Mood
46,107
