13
Noah rockclassic90
90532806
804,825,854,857,867,887,938,983,845,649,650,651,662,700,771,644,654,696,511,558,655,512,993,995,317,803,510,720,680,529,996,636,669,683,686,895,883,931,859,524,533,633,559,556,542,536,500,178,175,336,112,313,106,19,643,205,211,229,242,918,971,977,991,862,400,403,426,432,467,478,406,601,916,954,990,627,638,674,614,767,167,297,809,119,625,464,463,34,225,611,230,379,927,702,64,204,309,327,333,355,930,994,967,765,277,340,855,330,262,266,860,934,959,973,979,397,874,13,768,163,866,199,7,92,1000
11
90s Alternative Rock
804,825,854,857,867,887,938,983,845,649,650,651,662,700,771,644,654,696,511,558,655,512,993,995,533
Grunge Greats
804,825,854,887,938,983,529,857,636,669,683,686,895,883,931,859,175
Post-Grunge Playlist
804,825,845,854,887,857,938,983,649,650,651,662,700,771,867,644,654,696,511,558,655,512,720,993,336,767
Rock Ballads
649,650,651,662,700,771,524,510,511,558,644,654,655,696,804,854,500,536,542,556,559,633,643,996,995,993,938,400,403,426,432,467,478,406,601,916,954,990,627,638,674,683,614,702,64,204,803,512,309,327,333,355,930,686
Guitar Heroes
644,654,696,804,854,887,680,112,205,211,229,242,262,266,860,934,959,973,979,397,874,406,13,768,163,512,558,655,938,993,995,866
Radiant Tunes
651,696,92
Blissful Collection
857,654,680,7
Lively Chronicles
887,317,19,857,895,931,938,983,804,854,994,654,696,512,558,655,993,995,996,205,967,765,277,649,340,644,510,511,650,855,330,825,845,651,662,636,669,686,883
Radiant Flow
803,983,918,971,977,991,862,167,297,199
Energetic Journey
636,996,1000
Classic Pulse
524,559
