49
Natalie countryroads
79445001
402,415,447,555,771,784,519,529,553,561,872,973,902,967,993,453,531,799,805,816,818,850,853,932,966,995,996,916,792,472,502,919,208,954,777,699,386,86,803,804
5
Classic Country
402,415,447,555,771,784
Modern Country
519,529,553,561,872,973,699,386
Country Pop
872,902,967,973,993,402,415,447,555,771,784,519,529,553,561,453,531,799,805,816,818,850,853,932,966,995,996,777
Country Ballads
402,415,447,555,771,784,519,529,553,561,872,973,902,967,993,453,531,799,805,816,818,850,853,932,966,995,996,916,792,472,502,919,208,954,86
Road Trip Songs
519,553,561,872,902,967
