66
Nicholas hardrocker
69953168
510,511,558,644,654,655,512,696,804,887,938,995,996,649,650,662,700,771,854,803,630,483,102,45,545,500,96,269,993,536,542,205,229,242,262,266,825,857,983,845,849,239,651,36,577,496,693,88,580,232,135,556,559,903,598,412,61,713,855,971,897,998,631,591,922,822,627,882,890,892,944,592,935,177,200,28,988,211,912,309,548,459,669,867,681,482
11
Classic Rock Anthems
510,511,558,644,654,655,269,412,696,804,854,887,512,649,650
Guitar Heroes
512,558,644,655,696,849,510,511,654,804,854,887,649,650,651,662,855,971,177,482
Heavy Metal Classics
804,887,938,995,996,96,239,61,627,854,993,882,890,892,857,983,944,592
Rock Ballads
649,650,662,700,771,804,825,854,857,887,938,983,845,510,511,558,644,654,655,696,512,500,28,988
Hard Rock Hits
644,654,696,804,854,887,938,993,995,996,512,558,655,205,229,242,262,266,935
Lively Tunes
512,696
Energetic Hits
825,262
Blissful Essentials
655,993,713,681
Serene Pulse
229,651,200
Serene Beats
102,903,510,511,558,644,654,655,696,804,854,887,512,649,650,651,662,700,771,500,536,542,556,559,938,993,995,996,205,229,922,822
Radiant Vibes
500,232
