38
Gabriel reggae roots
97103269
767,768,879,935,971,977,994,996,354,904,915,918,991,862,803,832,627,804,854,887,938,993,995,857,883,895,931,983,636,669,683,686,944,644,696,512,310,320,330,340,350,360,220,230,250,260,270,280,771,882,890,892,908,942,742,180,852,846,430,710,558,885,43,568,952,771,804,803
5
Reggae Classics
767,768,879,935,971,977
Dub and Ska
879,935,971,977,994,996,636
Modern Reggae
767,768,879,935,971,977
Island Vibes
354,767,768,879,935,971,977,904,915,918,991,862,994,996,803,832,627,804,854,887,938,993,995,857,883,895,931,983,636,669,683,686,944,644,696,512,310,320,330,340,350,360,220,230,250,260,270,280,771,882,890,892,908,942,742,180,852,846,430,710,558,885,43,568
Hypnotic Beats
879,977,952
