65
Stella femalepower
62865401
627,652,674,771,916,972,817,865,890,897,927,966,385,901,902,904,282,792,954,638,300,990,805,816,818,850,853,932,21,923,634,918,920,803,834,906,832,203,685,876,447,804
8
Women of Rock
627,652,674,771,916,972,447
Female Empowerment
817,865,890,897,927,966,385
Pop Divas
865,890,901,902,904,972,282
Ballad Queens
771,792,916,954,966,638,674,300,990,627,652,972,927,805,816,818,850,853,932,21,203
Girl Power Anthems
627,652,865,890,923,972,634
Inspirational Women
771,916,927,954,966,990,685
Energetic Pulse
817,771
Edgy Vibes
890,923,876
