78
Brandon metalhead
64126283
804,887,938,993,995,996,558,644,655,696,654,854,510,511,771,803,767,768,879,935,338,504,296,627,857,883,895,931,971,977,994,354,882,890,904,915,918,892,944,592,408,711,380,372,233,991,56,356,580,862,832,169,333,467,526,285,290
13
Metal Anthems
804,887,938,993,995,996,296,627,854,882,890,892,857,944,592,883,895,931,994,644,654,696,558,655,510,372
Heavy Metal
804,887,938,993,995,996,408
Thrash Metal
804,887,938,993,995,996,767,768,879,935,904,915,918,380,233
Guitar Heroes
558,644,655,696,711,627,804,854,887,938,993,882,890,892
Hard Rock Hits
644,654,696,804,854,887
Edgy Tunes
993,654,338,504
Classic Flow
996,938,627,804,854,887,993,882,890,892,857,944,592,883,895,931,994,644,654,696
Classic Essentials
879,655
Rhythmic Hits
803,771
Edgy Hits
804,504,904,915,918,971,977,991,862,935,354,994,996,627,854
Blissful Journey
592,654,290
Energetic Hits
993,354
Classic Pulse
296,918
