27
Lily acousticsoul
88763643
860,866,876,895,934,973,884,944,979,771,805,816,966,995,996,954,857,883,931,938,983,859,799,818,850,853,932,79,361,957,224,282,834,841,901,918,958,987,994,636,669,683,686,928,803,904,920,923,865,890,906,448,76,804,922,937,806,828,832,952,935,962,967,878,926,902,606,570,914,491,20,11,835,328,82,204,843,869,921,972,205,211,229,242,262,909,933,268
7
Acoustic Mellow
860,866,876,895,934,973,76
Singer-Songwriters
860,884,934,944,973,979,361,957,282
Soulful Voices
771,805,816,966,995,996,79,268
Coffeehouse Mix
860,876,884,934,973,866,895,944,979,857,883,931,448,933
Easy Listening
860,884,934,954,973,979,224,205,211,229,242,262
Edgy Pulse
931,876,909,683
Blissful Tunes
448,906
