36
Dylan alternative rock
72356495
857,883,895,931,938,983,804,887,994,944,993,644,654,696,512,558,655,995,996,636,669,683,686,627,882,166,46,259,592,892,890,908,942,389,813,260,860,866,876,934,973,884,979,959,859,922,834,841,901,902,918,958,987,354,560,542,197,473,519,692,252,575,539,173,207,925,803,771
8
Indie Rock
857,883,895,931,938,983,166,859,860,922,959,934,834,841,901,902,918,958,987,994,884,944,973
Alternative Hits
804,857,887,938,983,636,669,683,686,895,883,931,627,993,882,46
Modern Rock
857,895,931,938,983,994,883,804,887,644,654
Garage Rock
857,883,895,931,938,944,859,860,922,959,934,983,834,841,901,902,918,539,207
Post-Punk Revival
857,895,931,938,983,993,804,259
Rock Anthems
644,654,696,804,887,925
Epic Chronicles
993,644,575
Dreamy Chronicles
654,883,173
