55
Brooklyn indieplaylist
48914602
860,866,876,895,973,857,883,931,938,983,595,859,922,959,884,979,765,524,925,934,944,50,804,854,400,403,415,417,426,430,613,500,760,775,889,584,246,483,803,771,479,231,526,477,606,57,834,841,653,521,298,109
9
Indie Chill
860,866,876,895,973,934,884,944,979,959,857,883,931,938,983,400,403,415,417,426,430,613,500,524,760,775,804,889,584
Alternative Indie
857,883,895,931,938,983,595,483,804
Indie Pop
859,860,895,922,959,246,934,857,883,109
Singer-Songwriters
860,884,973,979,866,876,895,765,524,653
Cosmic Vibes
973,922,925,521
Epic Collection
931,595,859,860,895,922,959,934,866,876,973,50,857,883,938,983,804,298
Dreamy Vibes
857,883
Hypnotic Chronicles
426,889
Classic Vibes
584,931
