91
Isabelle poplover
65999036
901,902,904,918,920,923,865,890,972,803,834,841,859,906,771,792,916,954,966,817,897,806,832,848,640,448
7
Top Pop Hits
901,902,904,918,920,923
Female Pop Stars
865,890,901,902,904,972,640
Dance Anthems
803,834,841,859,906,920
Catchy Tunes
803,834,841,859,920,972,901,902,904,918,923,865,890,906,806,832,848
Summer Hits
901,902,918,920,923,972,904,865,890,803,834,841,859,906,771,792,916,954,966,817,897
Feel-Good Pop
803,834,841,859,901,920,448
Serene Vibes
901,923,902,904,918,920,865,890
