47
Tyler teen pop
17659396
380,865,908,920,881,892,910,884,868,905,915,525,771,954,860,866,876,895,934,973,944,979,990,634,682,966,684,2,627,841,901,909,952,941,663,846,890,654,650,806,969,949,950,987,993,47
6
Teen Anthems
380,865,908,920,881
Youthful Hits
892,908,910,884,868,905
Pop Crush
881,892,865,908,920,915,525,771,954,990,634,682,966,684,2,627,841,901,909,952,941,663,846,890,654,650,806,969,949,950,987,993,47
Teen Spirit
380,881,892,865,920
Chill Collection
884,881,860,866,876,895,934,973,944,979
Cosmic Hits
884,908
