83
Eleanor classicalfan
63424225
106,107,108,109,111,112,114,116,117,100,101,102,103,104,105,199,204,210,214,358,954,931,364,669,5,579,880,771,804,803,113,115,987,988,990,996,395,324,110,231,294,295,297,298,336,209,299,213,216,540,133,183
5
Classical Favorites
106,107,108,109,111,100,101,102,103,104,105,324
Romantic Composers
112,114,116,117,100,101,102,103,104,105,106,107,108,109,111,5,579,880,395,110,199,204,210,214,358,954,113,115
Baroque Masters
100,101,102,103,104,105,106,107,108,109,111,199,204,210,214,358,954,112,114,116,117,931,364,110,113,115,231,669,294
Raw Hits
103,579
Edgy Chronicles
115,210
