2
Sophia jazzlover88
88561319
201,204,209,210,214,231,217,218,248,273,300,199,206,213,216,226,237,246,270,126,696,461,255,717,708,27,594,475,195,951,403,771,803,804,547,465,667,151,463,813,12,40,952,848,127,470,358,988,990,996,744,684,468,664,795,301,677,290,229,381,536,495,650,236,839,556,455,2,283,954,298,330,479,527,467,431,822,103,557,140,100,793,191,600,264,782,460,257,715,332,294,295,297,803,771,804
11
Smooth Jazz Classics
201,204,209,210,214,231,199,358,988,990,996,216,226,248,255,206,237,213,246,696,461,217,218,273,300,717,27,594,475,195,951,403,463,813,290,684,468,12,708,771,803,126,40,952,229,848,127,470,804,547,465,667,744,270,151,839,664,795,301,381,536,527,467,431,822,103,557,140
Vocal Jazz Divas
210,217,218,248,273,300,201,204,209,214,231,199,213,216,226,206,237,246,270,126,475,951,403,255,461,717,708,27,594
Instrumental Jazz Greats
199,206,213,214,216,226,195,204,210,237,246,696,461,290
Cosmic Chronicles
213
Hypnotic Journey
126,771,677,650
Raw Essentials
231,201,199,204,210,216,226,214,248,255,206,237,246,270,126,461,209,218,273,300,717,708,27,594,547,771,803,495
Radiant Essentials
475,803,236
Hypnotic Chronicles
217,40
Epic Pulse
684,717,199,204,210,213,216,226,206,237,246,214,696,461,290,217,231,248,255,209,218,273,300,27,594,475,195,951,403,463,813,468,12,708,771,803,201,126,40,952,229,848,127,470,804,547,465,667,744,270,151,358,988,990,996,839
Epic Atmospheres
465,270
Classic Chronicles
218,199,204,210,216,226,201,214,231,248,255,206,237,290,246,270,126,461,273,300,717,708,594,547,771,803,804,217,696,475,951,403,465,667
