45
Layla soulfuldivas
26939794
605,811,828,832,874,916,761,762,790,792,817,818,805,816,932,966,995,996,601,771,954,799,850,853,872,402,415,447,555,784,519,529,553,638,674,492,942,931,218,747,973,902,967,993,453,531,851,798,696,561,472,502,919,714,350,208,105,989,381,55,524,803,804,627,652,972,865,890,174,320,814,39
6
Soul Classics
605,811,828,832,874,916,492,942,714,39
R&B Queens
761,762,790,792,817,818,601,638,674,771,931,174
Neo-Soul
805,816,932,966,995,996,605,811,828,832,874,916,747,350,320
Emotional Ballads
601,771,916,932,954,966,218,814
Blissful Mood
799,555
Soothing Pulse
555,919,402,415,447,771,784,519,529,553,561
