44
Caleb hiphopmix
98659415
823,827,846,889,891,894,900,919,923,934,962,981,935,964,974,980,982,993,808,836,863,803,832,843,869,906,806,834,841,859,921,822,870,878,607,844,802,723,812,11,352,848,928,952,920,901,902,918,876,218,788,804,771
8
Hip-Hop Classics
823,827,846,889,891,894,869
Modern Rap Hits
900,919,923,934,962,981,823,827,846,889,891,894,935,964,974,980,982,993,808,836,863
Trap Anthems
935,964,974,980,982,993,218
Rap Collaborations
808,836,846,863,900,919,823,827,876
Workout Mix
803,832,843,869,906,962,806,834,841,859,921,822,870,878,844,848,928,952,920,901,902,918,823,827,846,889,891,894,788
Party Anthems
803,832,843,869,906,962,806,834,841,859
Blissful Tunes
906,836,823,827,846,889,891,894,900,878
Radiant Chronicles
808,964
