23
Victoria 90spopfan
70928756
706,708,712,759,762,710,908,909,919,652,771,792,803,834,841,859,920,972,954,966,906,601,627,638,674,683,536,702,775,916,500,510,542,556,559,406,990,820,881,901,902,865,890,923,684,688,40,388,288,886,431,804,863,918,817,927,904,300,799,805,816,818,433,905,174,557,700,864,897,497,159,924,988,720,340,390,763,27,143,575,294,549,254,903,151,370,831,362,671,883,911,845,894,215,566,742,996
14
90s Pop Hits
706,708,712,759,762,601,627,638,674,683,702,775,174,557
Boy Bands
708,710,908,909,919,706,712,820,881,834,841,859,901,902,920,627,652,500,510,536,556,559,601,638,674,683
Female Pop Stars
652,706,712,771,792,536,601,627,638,674
Feel-Good Tunes
803,834,841,859,920,972,901,902,215
Romantic Ballads
771,792,954,966,388,742
Top Chart Toppers
803,834,841,859,906,920,901,902,27,143,566
Edgy Mood
909,859
Cosmic Vibes
966,919,996
Classic Collection
556,627
Rhythmic Atmospheres
652,431,500,510,536,556,559,601,627,638
Rhythmic Pulse
897,556
Smooth Mood
775,688
Edgy Beats
804,683
Epic Mood
652,804
