59
Savannah divadance
28748739
627,652,674,771,916,972,803,834,841,859,920,817,865,890,966,792,954,901,902,918,923,904,990,605,806,832,848,928,551,661,804,927,749,524,541,646,861,122,26,881,758,705,906,897,494,952,88,899,471,781,601,638,300,799,805,816,818,919,433,862,915,971,977,991,354,994,996,310,320,330,340,350,360,220,230,250,270,280,767,768,879,79,430,268,863,134,614,365,567,11,64,412,516,794,519,225,146,905,99,183,725,500,339,455,546,44,880,812,380,103,688,695,282,566,539,935,854,887,938,993,995,857,883,440,656,438,789
10
Pop Divas
627,652,674,771,916,972,551,365,183
Dance Anthems
803,834,841,859,920,806,832,848,928,901,902,918,904,923,865
Female Empowerment
817,865,890,966,627,652,674,771,916,972,792,954,927,901,902,918,920,923,705,567
Love Ballads
771,792,916,954,966,661,500,789
Top Charts
901,902,918,920,923,972,904,865,890,803,834,841,859,627,652,674,771,906,792,916,954,605,758,804,966,817,927,990,601,638,300,799,805,816,818,919,433,905,725
Cosmic Chronicles
990,966,627,652,674,771,916,972,817,865,859
Rhythmic Essentials
834,954,901,902,918,920,923,865,890,972,803,841,859,771,792,906,916,605,758,804,627,652,674,966,817,927,904,990,601,638,300,799,805,816,818,919,433,905,897,122,26,881,656,705
Soothing Tunes
705,918,803,832,862,904,915,971,977,991,354,994,996,310,320,330,340,350,360,220,230,250,270,280,767,768,879,79,430,268,863,134,627,614,365,438
Hypnotic Atmospheres
268,541,99
Radiant Tunes
627,799
