100
Logan hiphophead
92198174
823,827,846,889,891,894,900,923,934,981,935,964,974,980,982,993,808,836,863,803,832,843,869,906,721,757,788,794,795,796,830,766,201,771,804,123,554,919,962,991,992,995,325,202,279,806,321,159,565,669,378,486,336,542,650,342,254,971,985,978,743,783,55,698,601,858,331,116,862,904,172,915,918,977,661,673,166,169,759
11
Hip-Hop Classics
823,827,846,889,891,894,935,964,974,980,982,993,991,992,995,900,919,669,923,934,962,981,808,836,863,803,832,843,869,906
Modern Rap Hits
900,923,934,981
Trap Anthems
935,964,974,980,982,993
Rap Collaborations
808,836,846,863,900,823,827,889,891,894
Workout Mix
803,832,843,869,906,123,565
Party Anthems
803,832,843,869,906,554
Chill Pulse
964,980
Edgy Beats
980,827,846
Radiant Hits
830,721
Classic Chronicles
554,836,721,757,794,795,796,900,919,923,934,962,981,935,964,974,980,982,993,846,863,823
Raw Tunes
843
