41
Victoria classicalpiano
25423933
204,210,214,954,465,231,937,987,100,101,102,103,104,105,106,982,988,990,996,601,572,358,41,107,294,297,298,299,336,97,295,209,108,109,110,111,112,113,114,115,116,117,213,216,272,255,758,804,771,226,206,237,290,246,201,217,248,218,270,914,941,63,638,674,256,314,520,50,432,803,804,771
8
Piano Masterpieces
204,210,214,954,465
Romantic Piano
204,210,214,954,231,937,987,100,101,102,103,104,105,106,982,358,41,107,294,297,298,299,336,97,295,209,314
Modern Piano Works
954,988,990,996,204,214,231,210,937,987,601,572,358,100,101,50
Dreamy Mood
990,601,638,674,771,520,432
Energetic Collection
982,988
Rhythmic Atmospheres
954,996,256
Funky Essentials
336,97
Raw Beats
294,336
