84
Cameron punkrocker
11048580
627,804,854,887,938,993,882,892,908,942,857,944,883,785,771,803,904,915,918,971,977,991,862,935,354,994,832,767,768,879,995,996,895,931,983,644,654,696,999,352,35,860,866,876,934,859,194,666,710,347,936,121,321,752,446,973,884,979,959,394,430,300,559,890,863,900,889,922,834,841,636,669,683,512,558,655,686,442,592,329,224,400,984,992,243,781,317,653,702,205,967,765,277,858,211,229,574,635,301,897
11
Punk Classics
627,854,887,938,993,804,995
Pop Punk
882,892,908,938,942,785,194,904,915,918,971,977,991,862,935,354,994,996,832,767,768,879,627,804,887,993,995,857
Alternative Punk
854,857,887,938,804,993,995,996,644,654,696,860,866,559
Skate Punk
627,882,892,938,944
Soothing Hits
887,857,860,866,876,895,934,973,884,944,979,959,883,931,938,804,854,983,636,669,683,686,994,654,696,512,558,655,993,995,996,205,967,765,277
Blissful Essentials
908,627,804,882,892,938,854,666,301
Blissful Atmospheres
627,908,300,897
Soothing Beats
768,857,430,918,971,977,991,862,935,354,994,996,803,832,767,879,627,804,854,887,938,993,995,883,895,931
Hypnotic Hits
785,971,394,635
Smooth Vibes
983,35,892,300,442,854,887,938,993,995,857,883,895,931,767,768,879,935,971,977,994,354,904,915,710,347,936,918,991,862,803,832,771,352,944,654,696,882,890,644,908,942,592,999,752,446,863,804,785,121,321,860,866,900,889,876,934,859,194,666,973,884,979,959,394,430,559,922,992,627,996,834,841,636,669,683,512,558,655,243,686,329,224,400,984,781,317,653,702,858,205,211,229
Epic Vibes
636,321,574
