12
Isabella latinbeats
71783405
904,915,918,971,977,991,935,354,994,996,803,832,767,110,993,771,768,879,804,854,946,862,627,887,938,995,857,895,931,980,990,997,998,999,371,978,764,169,333,591,983,830,760,799,81,512,558,644,655,696,654,510,467,1000,630,645,647,666,784,600,601,628,792,916,950,952,955,957,960,837,770,367,144,803,771,804
7
Latin Pop Hits
904,915,918,971,977,991,837
Reggaeton Favorites
904,918,935,971,977,915,991,862,354,994,996,803,764
Salsa & Merengue
354,904,915,971,977,991,918,862,978
Dreamy Collection
991,918,904,915,971,977,935,354,994,946,371
Serene Vibes
915,991,904,918,971,977,862,935,354,994,996,980,990,997,998,999,1000,630,645,647,666,784,600,601,628,771,792,916,950,952,955,957,960
Energetic Tunes
767,832,367,144
Soothing Collection
978,994,770
