43
Avery indiepop
85484281
859,860,895,922,959,934,857,883,931,938,983,834,841,901,902,918,958,987,994,884,944,973,979,866,876,804,854,354,560,542,197,803,771,133,766,180,708,400,403,415,426,430,524,526,760,775,584,364,36,743,457,968
9
Indie Pop Gems
859,860,895,922,959,934,133,857,883,931
Alternative Pop
857,883,895,931,938,983,708,36
Electro Pop
834,841,859,901,902,918,364
Chill Indie
860,934,958,987,994,859,895,922,959,857,883,931,938
Singer-Songwriters
860,884,934,944,973,979,859,895,922,959,857,883,931,938,983,834,841,901,902,918,958,987,994,866
Serene Mood
901,895,457
Rhythmic Flow
922,883,766,180,743,968
Chill Chronicles
944,958
Serene Vibes
922,841
