48
Evan edmaddict
78610265
806,832,848,906,928,952,932,935,962,967,803,878,926,937,958,987,994,995,996,834,841,859,920,636,669,683,686,895,901,902,605,811,828,874,916,805,816,966,867,293,37,363,274,443,771,804,918,20,11,904,923,865,890,972,792,954,139,656,491,601,645,294,77,835,328,817,897,927,627,749,524,541,646,861,652,674,990,758,43,555
6
EDM Essentials
806,832,848,906,928,952
Festival Anthems
928,932,935,952,962,967,806,832,848,906,803,878,926,834,841,859,920,937,958,363,987,994,995,996,636,669,683,686,895,901,902,605,811,828,874
Club Bangers
803,806,832,878,906,926,293,274,555
Chill Electronic
937,958,987,994,995,996,37
Blissful Pulse
996,928,806,832,848,906,952,932,935,962,967,803,878,926,834,841,859,920,937,958,987,994,867
Raw Vibes
995,832,605,811,828,874,916,805,816,932,966,806,848,906,928,952,935,962,967,803,878,926,834,841,859
