92
Levi rockfan
85137576
510,511,558,644,654,696,804,854,887,512,649,650,651,662,700,771,500,536,556,559,938,993,803,825,857,867,983,845,551,205,211,229,242,607,265,478,238,655,995,606,150,138,262,266,922,822,102,459,633,643,64,724,322,812,996,903,598,897,669,520,873,741,991,734,258,188,560,630,483,45,545,36,577,496,693,865,140,91,542,709,270,748,448,88,96,269,580,232,135,998,631,912,849,727,885,86,764
9
Classic Rock
510,511,558,644,654,607,265,478,825,854,857,867,887,938,983,845,649,650,651,662,700,771,655,512,995,996
Hard Rock Hits
644,654,696,804,854,887,938,993,512,558,205,211,229,242,238,812,865
Guitar Heroes
512,558,644,696,804,887,938,993,140
Rock Ballads
649,650,651,662,700,771,510,511,558,644,654,655,696,804,854,887,512,500,536,556,559,91
70s Rock
500,510,536,556,559,804,511,558,644,654,655,696,854,887,512,649,650,651,662,700,771,938,903,598,897,825,857,983,845,993,996,803,995,867,542,205,229,922,727
Smooth Tunes
511,650,510,558,644,654,655,696,804,854,887,512,649,651,662,700,771,500,536,556,764
Radiant Hits
512,655,510,511,558,644,654,696,804,854,887,649,650,651,662
Smooth Beats
607,993,885
Soothing Journey
903,138,86
