22
Henry electrobeat
81652362
806,828,848,928,935,937,958,987,995,996,834,841,859,906,920,636,669,683,686,895,860,934,901,902,918,832,952,932,962,771,804,878,926,20,11,835,328,82,204,606,570,914,491,922,959,883,931,938,983,884,944,973,979,866,876,805,816,966,954,799,533,803,313,507,461,857,818,850,853,79,904,923,843,869,106,865,890,258,977,302,358,967,994,921,822,844,870,854,887,696,512,558,655,993,205,765,277,649,583,820
9
Electronic Essentials
806,828,848,928,935,937,832,906,952,932,962,878,926,958,987,967,803,834,841,859,920,994,995,996,636,669,683,686,895,901,902
Ambient Electronica
937,958,987,995,996,507,977,302
Dance Floor Hits
834,841,859,906,920,901,902,918,923,328
Synth-Pop Classics
636,669,683,686,895,804,854,857,887,938,983,883,931,994,696,512,558,655,993,995,996,205,967,765,277,649
Chillout Lounge
860,934,958,987,358
Energetic Essentials
906,996,533
Lively Journey
962,935,818
Edgy Hits
878,805,313,461,258
Soothing Mood
944,935,583,820
