74
Luke rapfan
95619088
823,827,846,889,891,894,900,919,923,934,962,981,935,964,974,980,982,993,808,836,803,832,843,869,721,830,766,201,757,788,794,795,796,857,991,992,995,403,829,831,806,834,841,859,921,822,844,870,878,848,928,952,904,366,771,804,985,279,920,901,902,918,845,851,924,930,963,997,163,906,325,101,625,429,670,863,202,527,40,780
9
Hip-Hop Classics
823,827,846,889,891,894,201,857,935,964,974,980,982,993
Modern Rap
900,919,923,934,962,981,830,857,163,823,827,846,889,891,894,935,964,974,980,982,993,808,836
Trap Hits
935,964,974,980,982,993,827,846,904,625,857,889,891,894,823,991,992,995,900,919,923,934,962,981
Rap Collabs
808,836,846,900,919,823,766
Workout Mix
803,832,843,869,962,366,670
Party Anthems
803,832,843,869,962,806,834,841,859,921,822,844,870,878,848,928,952
Raw Collection
721,771,429
Rhythmic Hits
935,806,101
Lively Collection
993,894,843,878
