7
James classic blues
21501001
205,211,229,242,262,266,860,934,959,973,979,397,874,857,297,879,656,689,644,654,696,804,854,899,887,512,558,655,880,938,69,170,746,573,580,610,707,240,803,804,771
6
Blues Legends
205,211,229,242,262,266,860,934,959,973,979,397,874,857,297
Delta Blues
205,229,242,266,879,656,689,211,262,860,934,959,973,979,397,874,644,654,696,804,854,887,512,558,655,880,938,69,170,746
Electric Blues
211,262,266,397,874,979,205,229,242,654,696,804,854,899,573,707
Serene Collection
857,689,580,240
Dreamy Atmospheres
654,229,205,211,242
Rhythmic Mood
211,262,610
