54
Eli rockclassics
28600411
510,511,558,644,654,655,696,804,854,887,512,649,650,651,662,700,771,500,536,542,556,559,633,400,403,426,432,467,478,406,601,916,954,990,309,327,333,355,803,643,996,995,993,938,627,638,674,930,686,394,925,683,702,614,64,204,331,443,255,553,703,346,153,344,366,205,211,242,262,266,397,744
9
Classic Rock
510,511,558,644,654,655
Hard Rock Hits
644,654,696,804,854,887
Guitar Heroes
512,558,644,655,696,205,211,242,262,266,397
Rock Ballads
649,650,651,662,700,771
70s Rock
500,510,536,542,556,559,400,403,426,432,467,478,406,601,771,916,954,990,309,327,333,355
Cosmic Chronicles
771,804,930
Blissful Pulse
556,655,510,511,558,644,654,696,804,854,887,649,650,651,662,700,771,500,536,542,559,633,643,996,995,993,938,400,403,426,432,467,478,406,601,916,954,990,627,638,674,686,744
Smooth Flow
512,355,925,510,511,558,644,654,655,696,804,854,649,650,651,662,700,771,500,536,542,556,559,633,643,996,995,993,938,400,403,426,432,467,478,406,601,916,954,990,627,638,674,683,702,614,64,204,803,309,327,333,930
Hypnotic Chronicles
511,651,394
