93
Victoria popsinger
33602046
627,771,916,972,601,638,954,792,966,300,990,927,343,817,865,890,897,901,902,920,674,803,834,841,761,702,722,724,645,335,345,503,804,859,906,918,923,904,605,811,828,832,874,762,790,818,805,983,848,928,952,460,231,385,282,799,816,850,853,932,317,292,377
11
Pop Divas
627,771,916,972,601,638,954,792,966,300,990,927,343
Ballad Queens
771,792,916,954,966,983
Female Empowerment
817,865,890,897,927,966,627,674,771,916,972,792,954,901,902,920,803,918,923
Love Songs
771,792,916,954,966,601,638,335,345,674,300,990,627,972,927,605,811,828,832,874,761,762,790,817,818,805
Top Charts
901,902,920,972,292
Blissful Flow
966,601,638,771,916,954,792,300,990,674,627,972,927,761,702,722,724,645
Lively Beats
916,601
Raw Flow
916,792,503
Chill Sounds
834,920,317
Lively Atmospheres
335
Energetic Hits
865,954,377
