17
Jacob metalhead
91401971
644,654,696,804,887,938,993,995,996,854,512,558,205,211,229,242,262,857,883,895,266,655,397,267,874,979,934,641,866,884,944,931,803,510,511,649,650,144,443,150,363,555,983,922,247,860,636,669,973,460,978,739,356
8
Hard Rock Hits
644,654,696,804,887,938,993,995,996,854,512,558,205,211,229,242,262,144
Metal Anthems
804,887,938,993,995,266,460,739
Guitar Solos
644,654,696,804,887,938,993,995,996,854,512,558,857,883,895,510,511,655,649,650,978
Heavy Metal Classics
804,887,938,993,995
Dreamy Flow
242,993
Cosmic Essentials
884,655,247,205,211,229,242,262,267,397,874,979,644,654,860,934,973,641,266,696,854,887,558,866,895,857,883
Rhythmic Chronicles
144,558,356
Lively Vibes
510,884,804,854,857,887,938,983,636,669
