87
Avery indiepop
94154884
859,860,895,922,959,934,857,883,931,938,983,841,901,902,918,958,987,884,944,973,979,866,876,804,854,887,636,669,683,686,57,974,411,771,803,650,805,816,966,995,996,954,799,818,850,853,932,79,928,904,920,923,865,890,906,937,806,828,638,791,73,848,832,952,361,957,224,282,448,76,935,962,967,878,926,606,570,914,491,20,11,835,328,82,204,843,869,921,164,558,293,459
7
Indie Pop Gems
859,860,895,922,959,934,57,866,876,973,857,883,931,938,983,884,944,979
Alternative Pop
857,883,895,931,938,983,804,854,887,636,669,683,686,860,866,876,934,973,884,944,979,959
Electro Pop
841,859,901,902,918,638,73,459
Chill Indie
860,934,958,987,974
Singer-Songwriters
860,884,934,944,973,979,411,866,876,895,959,857,883,164
Energetic Mood
803,57,791
Chill Collection
803,902,558,293
