58
Ian classicalmusic
76495186
100,101,102,103,104,105,106,107,108,109,111,199,204,210,214,358,954,112,113,422,84,771,804,114,116,117,231,937,931,364,669,940,812,495,658,654,115,46,579,880,803,110,5,987,988,990,996,294,295,297,298,336,209,299,213,216,540,133,183,775,887,938,993,995,644,696,854,857,983,636,577,326,800,895,994,512,558,655,205,967,765,277,649,340,510,511,650,855,330,402,415,447,555,784,519,95,541,17,752,395,619,201,324,226,248,255,206,237,651,662,700,500,536,542,556,559,633,643,400,403,426,432,467,478,406,601,916,627,638,674,683,702,614
9
Baroque Masters
100,101,102,103,104,105,106,107,108,109,111,199,204,210,940,214,231,358,954,937,987,988,990,996,294,295
Classical Favorites
106,107,108,109,111,100,101,102,103,104,105,199,84,812,654
Romantic Era
106,107,108,109,111,577,199,204,214,231,358,954,210,937,987,988,990,996,294,295,297,298,336,209,771,803,804,299,213,216,110,112,114,116,117,100,101,102,103,104,105,931,364
Soothing Journey
109,106,422,658,100,101,102,103,104,105,107,108,110,111,199,204,210,214,358,954,112,113,114,115,116,117,231,937,931
Funky Atmospheres
101,104,495,800,752
Edgy Hits
804,84,887,938,993,995,996,644,654,696,854,857,983,636,669
Edgy Chronicles
993,579,804,887,938,995,996,644,654,696,854,402,415,447,555,771,784,519,95,541,17
Raw Pulse
109
Rhythmic Sounds
996,990,510,511,558,644,654,655,696,804,854,649,650,651,662,700,771,500,536,542,556,559,633,643,995,993,938,400,403,426,432,467,478,406,601,916,954,627,638,674,683,702,614
