88
Connor hiphopfan
54510961
823,827,846,889,891,894,900,919,923,981,935,974,980,982,993,808,836,863,803,832,843,906,721,757,806,834,841,165,973,911,599,794,869,788,795,796,733,473,517,287,857,386,962,629,859,920,748,181,934,848,928,952,964,443,768,767,55,804,771
11
Hip-Hop Classics
823,827,846,889,891,894,857,935,181,768
Modern Rap Hits
900,919,923,981,911,823,827,846,889
Trap Bangers
935,974,980,982,993,823,827,846,889,891,894
Rap Collaborations
808,836,846,863,900,919,386
Workout Mix
803,832,843,906,165,748
Party Anthems
803,832,843,906,806,834,841,599
Radiant Chronicles
889,973,794,443
Raw Tunes
889,823,827,846,891,894,900,919,923,934,962,981,935,964,974
Dreamy Atmospheres
803,806,832,859,906,920
Serene Flow
165,473,767
Classic Sounds
869,386,806,832,848,906,928,952,55
