32
Lucas bluesman
78717017
205,211,229,242,262,266,397,874,979,644,654,804,854,887,512,558,655,267,860,934,959,973,879,740,803,771,602,31,808,938,993,883,895,996,931,983,802,643,915,30,863,553
6
Blues Roots
205,211,229,242,262,266,267,879,397,874,979,644
Chicago Blues
211,262,266,397,874,979
Blues Guitarists
211,262,266,397,644,654,205,229,30
Blues Rock
644,654,804,854,887,553
Blissful Flow
979,644,205,211,229,242,262,266,860,934,959,973,397,874,654,854,887,512,558,267,879,602
Serene Pulse
229,915,863
