89
Alyssa latinfan
75649975
904,915,918,971,977,991,862,935,354,994,996,803,832,767,768,879,310,320,330,340,350,360,220,230,250,260,270,280,901,902,920,923,865,890,972,834,199,204,210,213,216,226,206,237,290,246,630,645,647,666,784,600,601,628,771,792,916,952,955,957,960,962,300,140,929,735,990,980,997,627,804,854,887,938,993,995,857,883,772,185,431,950,998,22,158,841,859,906,954,966,817,897,201,209,214,231,895,931,983,169,217,255,358,532,85,79,248,218,273,937,987,988,295,297,298,513,299,336,703,557,341,294,190,171,910,338,680,221,963,306,471,385,519,677,351,111,365,227,803,804,771
6
Latin Pop
904,915,918,971,977,991,862,935,354,994,996,803,832,767,768,879,310,320,330,340,350,360,220,230,250,260,270,280,901,902,920,923,865,890,972,834,199,204,210,213,216,226,206,237,290,431,111,365
Reggaeton Beats
862,904,915,918,935,971,929
Salsa & Bachata
354,971,977,991,994,996,735,904,915,918,862,935,627,804,854,887,938,993,995,857,883
Latin Party Mix
803,832,862,904,915,918,227
Funky Flow
996,354,140,645,772,630,185
Radiant Essentials
803,199,204,210,214,358,954,988,231,937,987,677,295,351,804
