20
Evelyn hiphopqueen
96001860
894,924,963,964,997,757,788,794,795,827,900,919,923,934,962,981,823,846,889,891,935,974,980,982,993,808,836,863,803,832,843,869,906,817,865,890,927,966,519,975,721,143,601,638,674,792,702,722,724,758,762,790,818,300,916,840,314,475
7
Female Rap Stars
894,924,963,964,997,823,827,846,889,891,519,900,919,923,934,962,840
90s Hip-Hop
757,788,794,795,827,314
Modern Hip-Hop
900,919,923,934,962,981,823,827,846,889,891,894,935,964,974,980,982,993,808
Rap Collaborations
808,836,846,863,900,919,823,827,889,891,894,923,934,962,981,935,964,974,980
Workout Mix
803,832,843,869,906,962,475
Empowering Anthems
817,865,890,927,966,601,638,674,792,702,722,724,758,762,790,818,300,916,823
Classic Collection
869,846
