51
Audrey folkfavorites
95937662
400,403,415,417,426,430,500,524,526,760,775,804,860,944,959,973,205,211,229,242,262,266,72,112,934,866,876,895,884,857,883,931,938,979,355,364,369,371,383,384,432,467,478,536,974,189,849,771,803
7
Traditional Folk
400,403,415,417,426,430,72
Modern Folk
500,524,526,760,775,804
Acoustic Ballads
860,944,959,973,417,205,211,229,242,262,266,934,979,400,403,415,426,430,500,524,526,760,775,804,72,112,866,876,895,884
Storytelling Songs
415,524,760,804,944
Radiant Chronicles
959,205,211,229,242,262,266,860,973,400,403,415,417,426,430,500,524,526,760,112,974
Radiant Atmospheres
524,973,400,403,415,417,426,430,500,526,760,775,804,860,849
Smooth Atmospheres
262,266,189
