63
Abigail smoothjazz
49782526
201,204,209,210,214,231,217,218,248,273,300,199,206,213,216,226,237,246,126,696,461,290,255,717,708,27,594,195,951,403,771,803,839,2,264,547,465,667,151,463,813,684,468,12,40,952,782,460,257,229,848,127,715,332
8
Smooth Jazz Grooves
201,204,209,210,214,231,264
Late Night Jazz
210,217,218,248,273,300,782,715
Jazz Vocals
210,217,218,248,273,300
Soothing Pulse
300,209
Smooth Beats
248,210,839,2,201,204,209,214,231,217,218,273,300,199,206,213,216,226,237,246,126,696,461,290,255,717,708
Blissful Chronicles
201,195,460,257
Hypnotic Pulse
204,12
Lively Hits
248,813,332
