67
Zoe electropop
23047855
636,669,683,895,859,901,902,918,928,803,834,841,906,920,937,958,987,994,995,996,806,832,848,952,932,935,962,967,926,79,149,501,878,828,843,869,921,639,165,950,808,386,558,771,804,111,644,592,627,882,892,938,854,857,887,944,890,908,942,993,983,883,931,654,696,512,92,923,688,633,198
4
Synth-Pop Classics
636,669,683,895,592,627,804,882,892,938,854,857,887,944,890,908,942,993,983,883,931,994,644,654,696,512,558,198
Modern Electropop
859,895,901,902,918,928,923,688
Dancefloor Hits
803,834,841,859,906,920,92
Electronic Chillout
937,958,987,994,995,996,633
