46
Connor hardrock
70045844
510,511,558,644,654,655,696,804,854,887,512,938,993,996,649,650,651,662,700,771,825,857,983,867,317,803,895,931,53,210,849,894,845,995,994,205,967,765,918,971,977,991,862,935,354,832,767,768,879,627,496,860,866,876,934,973,229,742,293,884,944,979,959,883,922,834,841,636,669,683,686,277,225,852,340,855,330,921,642
12
Classic Rock
510,511,558,644,654,655,804,825,854,857,887,938,849
Hard Rock Hits
644,654,696,804,854,887,938,993,995,996
Guitar Legends
512,558,644,655,696,642
Metal Anthems
804,887,938,993,996,995,644,654,696,854,918,971,977,991,862,935,354,994,803,832,767,768,879,627
Rock Ballads
649,650,651,662,700,771,53,496,742
Chill Tunes
771,804
Raw Pulse
651,512,210,894
Lively Vibes
651,654,293
Chill Chronicles
651,991,804,825,854,857,887,938,983,845,649,650,662,700,771,867,644,654,696,511,558,655,512,993,995,317,803,510,996,895,931,229,994,205,967,765,277,340,855,330,636,669,683,686,883
Energetic Pulse
991,977
Classic Mood
496,860,921
Classic Flow
510,654
