64
Christopher soundtracklover
48964143
630,645,647,666,784,991,600,601,628,771,792,950,952,955,957,960,962,300,990,935,997,998,999,1000,904,915,918,806,832,848,928,932,967,803,878,926,937,958,987,139,536,865,430,983,532,163,505,141,158,834,841,859,920,994,995,996,636,669,349,137,331,980,683,686,895,901,735,11,274,519,489,902,605,811,828,874,916,805,966,867,128,7,887,938,993,644,654,696,854,205,211,229,923,890,972,954,758
7
Epic Movie Scores
630,645,647,666,784,991,935,990,997,998,999,1000,904,915,918,137,331,980,600,601,628,771,792,950,952,955,957,960,962,300,806,983,832,848,928,932,967,803,878,926,937,958,987,139,536,865,532,163,505,141,158,430,834,841,859,920,994,995,996,636,669,683,686,895,901,735,11,274,519,489,349,887,938,993,644
Classic Film Themes
600,601,628,771,792,139,935,990,997,998,999,1000,630,645,647,666,128
Video Game Music
950,952,955,957,960,962,806,832,848,928,932,935,967,803,878,926,937,958,987,536,430
Broadway Hits
300,601,771,792,990,865
Anime Soundtracks
935,990,991,997,998,950,999,1000,630,645,647,666,784,600,601,628,771,792,952,955,957,960,962,300,904,915,918,806,983,832,848,928,932,967,803,878,926,937,958,987,139,536,865,532,163,505,141,158,430,834,841,859,920,994,995,996,636,349,7
Radiant Pulse
803,841,901,902,918,920,923,865,890,972,834,859,771,792,916,954,605,758
Energetic Hits
999,349
