4
Emma popprincess22
15499362
706,708,710,712,820,881,834,841,859,901,902,920,627,652,865,890,972,406,601,684,688,916,40,803,863,918,904,792,954,966,674,817,897,927,638,683,702,759,762,775,771,207,679,990,300,761,722,724,758,744,780,607,578
9
Teen Pop Favorites
706,708,710,712,820,881,578
Dance Party Hits
834,841,859,901,902,920,780
Girl Power Anthems
627,652,865,890,972,674,916,817,897,927,966,901,902,904,792,954
Love Songs
406,601,684,688,916
Top
40,744
Essentials
803,834,863,901,918,920
Epic Tunes
710,684
Epic Pulse
627,601,638,674,761,771,792,702,722,724
Lively Hits
916,652,607
