96
Kevin classicjazz
62677256
199,204,210,213,216,226,206,237,290,246,270,201,214,126,696,461,217,248,255,209,40,952,229,848,127,218,273,300,708,27,470,771,803,804,231,594,475,195,951,403,463,813,684,468,12,547,465,667,717,527,467,431,744,151,358,988,990,996,839,664,795,301,381,536,822,103,557,140,600,803,771,804
7
Jazz Legends
199,204,210,213,216,226,229,127,201,209,214,231,217,218,248,273,300,206,237,246,270,126,696,461,290,255,600
Swing Era
206,213,216,226,237,290,952,431,126
Bebop Classics
206,216,226,237,246,270,848,470,527,822,557,140
Rhythmic Collection
237,226,40,199,204
Soothing Essentials
201,237,204,209,210,214,231,217,218,248,273,300,199,206,213,216,226,246,270,126,696,461,290,255,708,27,594,475,195,951,403,771,803,804,463,813,684,468,12,547,465,667,467
Hypnotic Vibes
204,952
Chill Journey
40,952,103
