70
Isaac poprocker
14678573
857,895,931,938,983,804,854,887,994,654,696,512,558,655,993,995,996,205,967,765,277,649,340,644,510,511,650,855,330,825,845,651,662,636,669,686,883,748,771,803,860,866,876,934,973,884,944,979,959,918,971,977,991,862,935,354,832,767,768,879,627,344,337,284,497,878,922,219,565,700,867,317,53,350,447,523
10
Pop Rock Hits
857,895,931,938,983,649,340,284,350
Alternative Rock
804,854,857,887,938,983,967,636,669,686,895,883,931,994,654,696,512,558,655,993,995,996,205,765,277,649,340,644,510,511,650,855,330,825,845,651,662,748,771,803,860,866,876,934
Modern Rock
857,895,931,938,983,994,748,918,971,977,991,862,935,354,996,803,832,767,768,879,627,804
Rock Anthems
654,696,804,854,887,277
Guitar Favorites
512,558,655,696,765,878
Funky Journey
771,996
Raw Essentials
887,765,497
Hypnotic Hits
765,330,804,854,857,887,938,983,636,669,686,895,883,931,994,654,696,512,558,655,993,995,996,205,967,277,649,340,644,510,344,511,650,855,825,845,651,662,748,771,803,860,866,876,934,973,884,944
Energetic Chronicles
967,895,337
Energetic Collection
883,340,447,523
