18
Harper pop hits
65214733
901,902,904,918,920,923,865,890,972,803,834,841,859,906,771,792,954,966,817,897,927,605,758,806,832,848,928,952,88,899,471,627,652,674,990,551,661,804,749,916,524,541,646,861,781,64,669,412,516,794,519,103,122,566,539,881,601,638,300,11,330,705,494,225,146,457,454,436,339,455,546,44,880,79,743,698,936,812,380,688,695,282,862,915,664,799,805,816,818,919,433,971,977,991,354,994,996,310,320,340,350,360,220,230,250,270,280,767,768,879,430,863,134,614,365,567,905,99,183,725,500,592,882,892,938,854,857,887,944,908,942,935,993,995,883,895,931,983,675,819,232,956,361,356,194,759,824,633,636,683,686,649,26,69,440,656,438,789,387,559,352,35,644,654,696,750,191,308,999,710,347,877,398,363,616
10
Today's Top Pop
901,902,904,918,920,923,803,834,865,972,859,906,792,916,954,966,817,897,927,627,749,524,541,646,861,652,674,990,806,832,848,928,551,661,804,841,122,494,771,605,457,454,436,675,890,361,356,103,601,194,759,824,633,232,636,669,683,686,895,616
Female Pop Stars
865,890,901,902,904,972,918,920,923,803,88,539,79
Catchy Tunes
803,834,841,859,920,972,899,519,902,904,918,923,865,906,792,916,954,966,817,897,927,627,749,524,541,646,861,652,674,990,806,832,848,928,551,661,804
Radio Favorites
901,902,918,920,923,972,698,649
Summer Hits
803,834,841,859,901,920,902,904,918,923,865,890,972,906,806,832,848,928,952,471,794,771,792,916,954,966,817,897,927,605,122,804,758,877
Funky Beats
841,920,566,743,936
Cosmic Hits
865,471,516,103,819,398
Epic Hits
890,669,592,627,804,882,892,938,854,857,887,944,908,942,904,915,918,971,977,991,862,935,354,994,996,832,767,768,879,993,995,883,895,931,771,983
Serene Sounds
103,519
Chill Sounds
920,902,363
