76
Nathaniel electrorocker
92632830
804,854,857,887,938,983,669,683,686,895,883,931,994,944,993,644,654,696,512,558,655,995,996,627,882,166,46,859,901,902,918,928,803,841,906,920,890,892,942,825,845,649,650,937,958,987,806,832,848,952,828,935,860,934,932,962,771,403,651,139,588,636,866,876,973,884,979,959,922,473,252,375,941,281,51,405,570,256,662,700,967,878,138,754,834,354,560,542,519,692,265,707,101,685,322,773,875,701,672,563,529,578,641,205,298,278,259,592,908,389,260,575,539,173,925,576,510,511,197,215,500,536,556,559,903,598,897,446,618,921,103,988,704,239,824,302,31,462,227,217,803,804,771
7
Electronic Rock
804,854,857,887,938,983,627,993,882,890,892,942,944,825,845,649,650,403,588
Synth Rock
669,683,686,895,859,901,902,918,928,803,841,906,920,937,958,987,994,995,996,806,832,848,952,828,935,860,934,932,962,771,804,636,967,878
Alternative Rock
857,883,895,931,938,983
Indie Rock
857,883,895,931,938,983,139,754,627,804,854,887,993,882,890,892,944,592,994,462
Energetic Collection
857,686,651
Blissful Hits
696,651,138,31,227,217
Energetic Beats
654,588,510,511,558,644,655,696,804,854,887,512,649,650,651,662,700
