95
Natalie edmfan
34571898
806,832,848,906,928,952,932,935,962,967,803,878,926,834,841,859,920,937,958,987,994,995,996,828,636,386,558,771,804,901,902,918,843,869,921,639,165,111,644,950,822,844,870,669,683,686,895,180,117,892,556,782
8
EDM Essentials
806,832,848,906,928,952,803,859,920,111,644
Festival Anthems
928,932,935,952,962,967
Club Bangers
803,806,832,878,906,926
Dance Hits
803,834,841,859,906,920,806,832,848,928,952,901,902,918,843,869,921,932,935,962,967,926,937,958,987,892
Electronic Chill
937,958,987,994,995,996
Cosmic Tunes
859,848,556,782
Smooth Tunes
636,669,683,686,895,859,901,902,918,928,180,117
Rhythmic Essentials
804,952,803,806,843,869,906,834,841,859,921,822,844,870,878,848,928,920,901,902,918
