28
Ryan hiphopbeats
28724816
823,827,846,889,891,894,900,919,923,934,962,981,935,964,974,980,982,993,808,836,863,803,832,843,869,906,721,830,766,201,771,804,757,788,794,795,796,857,991,992,995,403
7
Hip-Hop Classics
823,827,846,889,891,894
Modern Rap Hits
900,919,923,934,962,981
Trap Anthems
935,964,974,980,982,993,827,846,857,889,891,894,823,991,992,995,900,919,923,934,962,981,808,836,863,803,832
Rap Collaborations
808,836,846,863,900,919,823,827,889,891,894,923,934,962,981,935,964,974,980,982,993,403
Workout Mix
803,832,843,869,906,962
Party Anthems
803,832,843,869,906,962
Serene Flow
934,889
