80
Thomas bluesman
55107854
205,211,229,242,262,266,397,874,979,644,654,696,804,854,887,512,558,938,307,995,996,853,406,678,803,771,860,598,13,892,231,478,467,805,3,934,959,973,768,163,993,866,895,443,609,301
7
Blues Legends
205,211,229,242,262,266,644,654,696,804,854,512,558,397,874,979,938,993,995,996,860,934,959,973,443,609
Chicago Blues
211,262,266,397,874,979
Blues Rock
644,654,696,804,854,887,938,995,996,205,211,229,13,301
Guitar Blues
211,262,266,397,644,654,205,242,874,979,696,804,854,512,558,938,307,853,406,678,803,771,229,995,996,860
Dreamy Atmospheres
397,979
Epic Collection
211,262,598,892
Serene Pulse
803,654
