10
Mia indie vibes
20609154
859,860,895,922,959,934,866,876,973,857,883,931,938,983,884,944,979,834,841,804,854,887,636,683,686,650,771,803,797,296,592,627,882,892,890,908,942,785,904,915,918,971,977,991,862,935,354,996,832,767,879,995,644,654,696,994,999,352,35,512,558,655,906,105,853,194,666,355,914,607,618,514,880,329,781,317,342,653,702,768,750,191,254,718,669,993,308,542,984,69,244,12,764,858,825,641,513,53,557,205,211,229,242,262,266,805,816,966,954,799,818,932,79,361,957,224,282,901,958,987,817,195,814,140,670,543,850,928,920,923,865,448,937,806,845,649,651,662,700,867,511,808
9
Indie Chillout
859,860,895,922,959,934,866,876,973,857,883,931,938,983,884,944,979,834,841,514,804,854,887,636,797,296,771,803,805,816,966,995,996,954,799,818,853,932,79,361,957,224,282,901,918,958,987,994,195,850,669,683,686,928
Acoustic Sessions
860,866,876,895,934,973
Indie Rock Favorites
857,883,895,931,938,983,854,887,636,683,686,860,866,876,934,973,884,718,804,669,944,979,959,922,834,841,797
Singer-Songwriter
860,884,934,944,973,979,205,211,229,242,262,266,959,866,876,895,857,883,931,938,983,922,834,841,804,854,887,817,808
Alternative Hits
857,883,895,922,931,983,880,329
Soothing Pulse
983,884,650,254,718,804,825,854,857,887,938,845,649,651,662,700,771,867,644,654,696,511
Edgy Collection
938,804,887,993
Chill Hits
971,854
Smooth Journey
973,636
