50
Christian classicjazz
77319459
199,210,216,226,206,237,290,246,270,201,214,217,231,255,358,954,532,85,79,204,248,209,218,273,300,937,987,988,990,996,295,297,298,513,299,336,213,703,628,557,341,294,190,171,910,338,680,221,963,306,471,385,519,677,351,354,904,918,971,977,310,320,330,340,350,360,220,230,250,260,280,991,862,935,994,832,767,768,879,902,923,865,890,972,834,630,645,647,666,784,600
8
Jazz Legends
199,210,216,226,204,206,237,290,246,270,201,214,217,231,248,255,209,218,273,300,358,954,937,987,988,990,996,295,297,298,513
Swing Era
206,216,226,237,290,85,79,199,204,210,246,270,201,214,213,217
Bebop Classics
206,216,226,237,246,270,199,210,290,201,204,213,214,217,231
Classic Flow
246,237,532,201,204,209,210,214,231,217,218,248,273,300
Hypnotic Pulse
246
Soothing Essentials
255,214
Serene Sounds
231,300,201,204,209,210,214,217,218,273,199,213,216,226,237,290,246,270
Edgy Atmospheres
532,246,910
