14
Charlotte soulfulsounds
73477723
811,828,832,874,916,805,816,932,966,995,996,799,818,853,601,771,954,872,673,290,850,792,605,402,415,447,555,784,519,553,973,902,967,993,453,531,798,696,561,472,502,919,208,761,762,790,817,638,674,492,848,906,928,952,935,962,803,878,926,937,958,987,994,834,841,859,920,636,669,683,686,895,901,529,804
6
Soul Classics
811,828,832,874,916
Neo-Soul
805,816,932,966,995,996,290
R&B Favorites
799,805,816,818,853,673,402,415,447,555,771,784,519,529,553,561,872,973,902,967,993,453,531,850,932,966,995,996,916,792
Emotional Ballads
601,771,916,932,954,966
Lively Atmospheres
811,832,848,906,928,952,932,935,962,967,803,878,926,937,958,987,994,995,996,834,841,859,920,636,669,683,686,895,901,902
Hypnotic Journey
874,832
