60
Owen bluesrock
21696793
205,211,229,242,262,266,644,654,804,854,887,512,558,397,874,979,938,993,995,883,895,696,996,931,983,267,879,860,934,959,802,643,88,365,740,803,771,510,602,31,808,655,340,54,113,411,20,861,403,693,915,30,863,553,845,206,444,11,994,803,771,804
11
Blues Classics
205,211,229,242,262,266,444
Blues Rock
644,654,804,854,887,88,365,938,993,995,996,696,512,558,205,211,229,242,262,266
Guitar Legends
512,558,644,643,411
Rockin' the Blues
211,262,266,397,644,654,205,229,242,874,979,804,696,854,887,512,558,655,267,879,860
Cosmic Sounds
211,644,205,229,242,262,266,397,874,979,654,804,696,854,887,512,558,267,879,860,934,959,802
Smooth Tunes
242,887,205,211,229,262,266,397,874,979,644,654,696,804,854,512,558,267,861,11
Energetic Beats
643,959,113,403,845,206
Edgy Sounds
934,643
Funky Atmospheres
879,874,994
Dreamy Tunes
854
Soothing Pulse
804,397
