69
Sophie classicalguitar
51618868
205,211,229,242,262,860,934,959,973,979,397,874,644,654,696,854,887,512,558,267,879,602,31,808,655,740,803,771,938,993,883,895,996,931,983,802,643,340,496,54,20,693,995,88,365,510,113,411,861,403,915,30,863,553,457,326,90
5
Classical Guitar Pieces
205,211,229,242,262,267,879,397,874,979,644,654,696,854,887,512,558,655,860,934,959,973,496
Spanish Guitar
205,211,229,242,262,267,879,397,874,979,644,654,696,887,602,808,854,512,558,655,860,934,959,973,740,803,326
Acoustic Instrumentals
860,934,959,973,979,31,340,20,457
Blissful Essentials
262,242,205,211,229,54
Serene Essentials
242,693,90
