73
Caroline indieacoustic
46285145
860,866,876,895,934,973,884,944,979,959,857,883,931,938,983,859,922,834,841,901,902,918,958,987,994,771,805,816,966,995,996,400,403,415,417,426,430,613,479,500,524,760,775,804,889,584,231,526,477,606,57,186,748,468,628
4
Indie Folk
860,866,876,895,934,973,400,403,415,417,426,430,613,479,500,524,760,775,804,944,959,884,889,584,231,526,857,883,931,477,606,57,938,983
Singer-Songwriters
860,884,934,944,973,979,859,895,922,959,857,883,931,938,983,834,841,901,902,918,958,987,186
Acoustic Chill
860,876,884,934,959,973,748,468,628
Alternative Indie
857,883,895,931,938,983
