39
Scarlett poptimism
36811781
901,902,918,920,923,865,890,972,803,834,841,859,771,916,954,817,897,927,605,122,26,881,804,792,758,627,652,674,850,80,626,455,904,656,88,763,676,527,990,806,711,966,767,613,117
9
Top 40 Hits
901,902,918,920,923,803,834,841,859,865,890,972,771,916,954,817,897,927,605,26,881,792,122,804,850,80,711
Female Pop Stars
865,890,901,902,972,627,652,674,771,916,817,897
Catchy Tunes
803,834,841,859,920,972
Dance Party
803,834,841,859,920,767
Summer Anthems
901,902,918,920,923,972,122,865,890,803,834,841,859,626
Feel-Good Pop
803,834,841,859,901,920
Soothing Journey
972,803,455,613
Energetic Sounds
890,117
Soothing Pulse
954,771
