16
Amelia classicaljazz
88462730
294,295,297,298,299,199,204,209,210,213,216,214,231,358,954,937,987,990,996,771,803,804,106,107,108,109,110,111,112,114,116,117,100,101,102,103,104,105,931,800,988,336,364,669,46,226,206,237,246,270,696,461,290,217,248,255,218,273,300,717,594,475,195,951,403,463,813,684,278,4,844,201,126,708,547,465,667,524,113,115,151,40,952,5,579,880,395,324,473,60,35,540,133,183,775,326,619,139,343,783
8
Classical Favorites
294,295,297,298,299,199,204,214,231,358,954,210,937,988,990,996,987,336,209,771,803,804,213,216,106,107,108,783
Jazz Standards
199,204,209,210,213,216,214,358,954,988,990,996,226,206,237,246,270,696,461,290,217,231,248,255,218,273,300,717,594,475,195,951,403,463,813,684,201,126
Piano Instrumentals
199,204,210,214,231,358,4
Raw Atmospheres
213,294,278,216,461
Lively Collection
204,297,800
Smooth Chronicles
931,954,100,101,102,103,104,105,106,107,844,199,204,214,358,937,987,988,990,996,294,295,297,298,336,209,771,803,804,299,213,216,108,109,110,111,112,114,116,117,364,669,46,540,133,183,775,326,5,579,880,113,115,395,619,201,324,226,139,343
Dreamy Pulse
298,111
Hypnotic Mood
4,403
