77
Allison r&bfan
85073197
799,805,816,818,850,853,932,966,995,996,872,916,771,792,954,605,811,828,832,874,601,402,415,447,555,784,519,553,973,902,967,993,453,531,851,798,696,561,472,502,919,208,761,762,790,817,638,674,492,942,931,218,747,714,350,105,989,381,55,524,627,652,865,890,897,927,901,673,290,803,529,804,174,61,418,9
7
Classic R&B
799,805,816,818,850,853,851,798
Neo-Soul
805,816,932,966,995,996
Modern R&B
850,853,872,916,966,995,605,811,828,832,874,805,816,932,996,799,818,601,771,954,673,290,927,9
Soul Divas
771,792,916,954,966,627,652,674,817,865,890,897,927,901,902
Smooth Grooves
799,805,816,818,850,853,605,811,828,832,696
Chill Sounds
850,799,605,811,828,832,874,916,805,816,932,418
Lively Vibes
805,916,811,828,832,874,816,932,966,995,996,799,818,853,601,771,954,872,673,290,61
