72
Anthony latinvibes
53325736
803,832,862,904,915,918,935,971,977,991,354,767,110,993,771,994,768,804,854,946,627,887,938,995,857,883,895,931,169,333,591,983,830,760,799,81,879,996,932,261,492,193,521
9
Latin Party Mix
803,832,862,904,915,918
Reggaeton Hits
862,904,915,918,935,971,110,993,771,830
Latin Pop Favorites
904,915,918,971,977,991
Salsa Classics
354,971,977,991,904,915,918,862,935,994,803,832,767,81,627,804,854,887,938,993,995,996,857,883
Bachata Beats
971,977,991,799,261
Blissful Pulse
991,977,760,521
Smooth Vibes
971,832,492
Lively Tunes
935,771,932
Rhythmic Journey
977,830,193
