57
Elena latinvibes
46662374
904,915,918,971,977,991,862,935,354,994,996,627,804,854,887,938,993,995,857,883,895,931,983,767,768,879,803,771,832,169,333,512,558,644,110,348,655,696,654,510,467,591,688,599,56,356,204,314,533,242,580,946,830,760,799,81,511,338,504,296,882,890,892,944,788,101,858
8
Latin Pop
904,915,918,971,977,991,533,242,788
Reggaeton Beats
862,904,915,918,935,971,803,832,977,991,354,767,110,993,771,994,768,804,348
Salsa & Bachata
354,971,977,991,994,996,767,768,879,935,627,804,854
Epic Collection
977,991,314
Rhythmic Vibes
857,512,883
Edgy Atmospheres
879,995,204
Funky Atmospheres
56,803,101
Blissful Sounds
354,995,858
