30
Nathan jazzfanatic
82308827
199,204,210,216,226,201,214,231,248,255,206,237,290,246,270,126,461,209,218,273,300,717,708,27,594,547,771,803,804,217,696,475,951,403,465,667,151,213,40,952,358,954,988,990,996,195,664,795,463,813,12,684,468,229,848,127,470,301,381,556,455,744,839,536,2,283,212,298,330
13
Jazz Legends
199,204,210,216,226,708,27,667,381
Smooth Jazz
201,214,231,248,255,470,330
Big Band Swing
206,216,226,237,290,199,204,210,246,270,201,214,126,696,461,217,231,248,255,209,218,273,151,795,213,40,952,229,848,127,300,708,27,470,771,803,283
Dreamy Chronicles
255,201,717,594,547,465,199,204,210,213,216,226,206,237,246,214,696,461,290,217,231,248,209,218,273,300,27,475,195,951,403,463,813,684,468,12,708,771
Smooth Beats
594,214,199,204,210,358,954,988,990,996,213,216,226,206,237,246,270,696,461,290,664,556
Smooth Vibes
218,290,199,204,210,213,216,226,206,237,246,270,214
Raw Essentials
475,27,301,298
Radiant Essentials
27,199,204,210,214,358,954,988,990,996,213,216,226,206,237,246,270,696,461,290,217,231,248,255,209,218,273,300,717,594,475
Edgy Flow
151,248
Radiant Vibes
465,213
Raw Pulse
771,248,455,212
Soothing Sounds
40,210
Rhythmic Pulse
594,270
