21
Grace folkmusiclover
57720932
400,403,415,417,426,430,500,524,526,760,775,804,860,934,944,959,973,205,211,229,242,262,266,72,112,866,876,895,884,857,883,931,938,979,355,364,369,371,383,384,432,467,478,536,974,189,849,771,803,542,556,559,663,309,327,333,429,506,674,63,395,612,510,511,558,644,654,655,696,633,649,650,662,700,512,643,996,995,887,854,406,916,954,990,627,638,683,702,614,64,204,598,397,874,26,621,902,651,443,609,983,922,834,841,636,247,799,363,22,522,930,686,394,925,652,972,817,865,890,897,927,966,901,904,792,923,994,708,144,519
7
Traditional Folk Tunes
400,403,415,417,426,430,500,524,526,760,775,804,860,944,959,973,205,211
Modern Folk Revival
500,524,526,760,775,804,799
Acoustic Ballads
860,934,944,959,973,866,876,895,884,979,857,883,931,938,983,922,834,841,804,854,887,636,247,633
Storytelling Songs
415,524,760,804,934,400,403,417,426,430,500,526,775,860,944,959,973,205,211,229,242,262
Rhythmic Collection
895,804
Classic Flow
205,866,144,519
Raw Vibes
902,309
