1
test
test
510,558,644,655,696,633,649,650,651,662,700,512,643,804,887,938,993,995,996,771,854,536,354,976,141,885,803,511,542,556,559,205,229,437,990,756,294,5,500,903,598,897,825,857,263,582,509,459,669,867,822
9
Classic Rock Hits
510,558,644,655,993,996,512,771,294
Power Ballads
633,649,650,651,662,700,756,263,582,509
Guitar Legends
512,558,644,655,696,822
80s Rock Anthems
643,644,655,696,885
Hypnotic Journey
558,662,354,976,141,990
Classic Mood
644
Epic Beats
803,229
Blissful Journey
803,437
Smooth Mood
633,437
