56
Jonathan hiphopclassics
84289128
721,757,788,794,795,796,823,829,831,844,845,851,900,919,923,934,962,981,935,964,974,980,993,808,836,846,863,832,843,869,906,827,889,891,894,562,802,578,71,930,963,997,817,865,890,897,927,966,241,204,73,645,458,895,135,803,771,806,834,841,733,473,517,799,574,979,424,312,972,740,464,606,57,191,287,629,594,693,468,709,471,775,924,364,541,165,973,911,599,346,168,272,94,830,762,902,406,857,386,106,593,38,982,991,995,811,818,828,668,676,727,290,783,617,363,503,253
10
90s Hip-Hop
721,757,788,794,795,796
Early 2000s Rap
823,829,831,844,845,851,562,135
Modern Hip-Hop
900,919,923,934,962,981,71,823,827,846,889,891,894,935,468,964,974,980,993,808,836,863,803,832,843,869,906,721
Trap Hits
935,964,974,980,993,802,424,823,827,846,889,891,894,900,919,923,934,962,168,981,982,808,836,863,803,832,843,869,906,721,757,806,972,740,135,464,771,788,794,795,796,834,841,733,473,606,895,57,191,517,287,629,594,364,541,165,973,911,599
Rap Collaborations
808,836,846,863,900,919,38
Workout Mix
832,843,869,906,962,458,895,823,827,846,889,891,894,900,919,923,934,981,935,964,574,979,974,980,982,993,808,836,863,803,924,930,963,997,757,788,794,795,796,817
Radiant Sounds
836,823,827,846,889,891,894,900,919,923,934,962,981,935,964,974,980,993,808,863,832,843,578,645,471,982,803,869,906,924,930,963,997,757,788,794,795,796,817
Smooth Essentials
843,802,693,775
Energetic Journey
935,578,980,253
Serene Beats
863,709
