85
Hailey popdiva
58867903
803,834,841,859,906,920,865,890,901,902,904,972,832,848,928,952,918,923,771,792,954,966,817,897,627,652,674,927,806,686,213,701,803,804,771
8
Pop Anthems
803,834,841,859,906,920
Female Pop Stars
865,890,901,902,904,972
Dance Hits
803,834,841,859,906,920,832,848,928,952,901,902,918,904,923,865,890,972,771,792,954,966,817,897,627,652,674,686
Love Songs
771,792,954,966,213,701
Empowering Tracks
817,865,890,897,966,627,652,674,771,972,792,954,901,902,918,920
Top Charts
901,902,918,920,923,972
Chill Beats
954,848
Radiant Collection
834,890
