5
Daniel countryfan55
88163153
402,415,447,453,553,555,519,529,561,872,973,771,784,531,902,967,993,799,805,816,818,850,853,932,524,639
5
Classic Country Hits
402,415,447,453,553,555,771,784,519,529,561,872,973,902,967,993,531,799
Modern Country
519,529,553,561,872,973
Country Ballads
402,415,447,555,771,784,519,529,553,561,872,973,902,967,993,453,531,799,805,816,818,850,853,932
Country Party Songs
531,553,561,872,902,967
Serene Tunes
555,531,402,415,447,771,784,519,529,553,561,872,973,902,967,993,453,799,805,816,818,850,853,524,639
