52
Aaron reggaevibes
52165619
767,768,879,935,971,627,804,854,887,993,995,996,857,883,895,931,781,317,653,803,938,983,977,994,904,915,918,702,991,862,771,352,35,944,644,882,890,892,908,858,641,942,592,999,785,866,876,934,859,194,666,355,636,513,53,557,354,669,814,140,670,543,654,922,959,884,979,834,841,683,512,558,655,686,906,105,853,607,618,973,342,832,750,191,308,542,984,69,244,12,810,403,860,650,764,165,71,213,458,226,806,587,519,477,205,211,229,242,262,266,397,874,400,470,126,710,347,936,331,604,624,419
16
Reggae Classics
767,768,879,935,971,627,804,854,887,938,993,931
Modern Reggae
767,768,879,935,971,317,53,557
Island Beats
767,768,879,935,971,627,781,653,140,670,604
Hypnotic Hits
767,935,513,627,804,854,887,938,993,995,996,857,883,895,931,543,331
Raw Chronicles
767,702,862,904,915,918,971,977,991,994,996,768,879,627,804,854,858,803,887,938,993,935,354,403,624
Raw Tunes
895,996,641,627,814,918,971
Cosmic Tunes
781,627
Soothing Pulse
938,983,804,854,857,887,636,669
Chill Tunes
767,977
Radiant Hits
781,804,854,857,887,938
Funky Chronicles
803,785,810
Epic Tunes
895,918,592,627,804,882,892,938,854,857,887,944,890,908,942,904,915,971,977,991,862,935,354,994,996,832,767,768,879,993,995,883,931,771,983,644,654,636,669,683,686,750,191,308,803,999,710,347,936,352,35,785
Lively Hits
879,543,419
Lively Essentials
543,915,866,876,895,934,857,883,931,938,983,859,922,959,884,979,834,841,804,854,887,636,669,683,592,627,882,892,890,908,942,993,785,771,803
Energetic Pulse
944,904,592,627,804,882
Hypnotic Collection
935,627
