98
Tyler rockfan
93383990
510,511,558,644,654,655,696,804,854,887,512,649,650,662,700,771,500,536,542,556,559,938,993,995,996,205,229,922,822,102,459,903,598,897,669,803,825,857,867,983,845,551,803,804,771
7
Classic Rock
510,511,558,644,654,655
Hard Rock Hits
644,654,696,804,854,887,510,511,558,655,512,649,650
Guitar Heroes
512,558,644,655,696,804,887,938,993,995,996,654,854,205,229,822,510
Rock Ballads
649,650,662,700,771,669,510,511,558,644,654,655,696,804,854,887,512,500,536
70s Rock
500,510,536,542,556,559,922,459
Cosmic Chronicles
654,558,102,510,511,644,655,696,804,854,887,512,649,650,662,700,771,500,536,542,556,559
Epic Essentials
854,536
