53
Grace popdiva
61649269
803,834,841,859,906,920,865,890,901,902,904,972,771,792,916,954,966,817,897,927,918,605,122,26,881,804,758,674,990,806,832,848,928,601,638,300,551,661,749,524,541,646,11,330,652,923,705,494,952,88,899,471,781,64,669,412,516,794,519,225,146,627,103,566,539,457,454,436,339,455,546,44,880,812,380,688,695,282,862,915,664
13
Pop Anthems
803,834,841,859,906,920,146
Female Pop Stars
865,890,901,902,904,972,11
Dance Hits
803,834,841,859,906,920
Love Songs
771,792,916,954,966
Empowering Tracks
817,865,890,897,927,966,674,771,916,972,792,954,901,902,918,920,601,638,300
Top Charts
901,902,918,920,972,674,771,916,792,954,966,817,865,890
Soothing Chronicles
954,897,674
Dreamy Sounds
927,792,330
Radiant Tunes
834,966,806
Epic Vibes
26,906,225
Funky Essentials
605,920,664
Edgy Sounds
661,804
Serene Flow
927,330
