75
Samantha countrygirl
60527387
402,415,447,555,771,784,519,529,553,561,872,973,902,967,993,453,799,805,816,818,850,853,932,966,995,804,524,639,824,468,462,702,996,916,792,472,907,216,764,212,803,502,919,105,989,381,55,208,767,439,512,531,954,605,777,785,541,699,386,86,137,999,344,65,47,629,811,828,832,874,761,762,790,817,601,638,674,17,982,40,142,841,675,592,50,43,270,452,939,246,716,627,652,972,865,890,897,927,901,918,920,923,904,990,159,924,300,834,859,906,905,706,708,759,258,428,934,963,492,942,931,218,747,851,798,696,714,350,174,320,814,39,673,624,210,503,570,290,61,722,724,758,498,248,281,361,948,24,729,313,721
10
Country Classics
402,415,447,555,771,784,468,767,439,519,529,553,561,872,973,902,967,993,453,531,799,805,816,818,850,853,932,966,995,996,916,792,472,502,919,105,989,381,55,804,803,208,524,639,954,605,777,699,721
Modern Country
519,529,553,561,872,973
Country Pop
872,902,967,973,993,702,402,415,447,555,771,784,519,529,553,561,453,799,805,816,818,850,853,932,966,995,996,916,792,472,502,919,105,989,381,55,804,803,208,524,531,639,907,216,764,212,954,605,777,142
Country Ballads
402,415,447,555,771,784,17,982,24,729
Road Trip Songs
519,553,561,872,902,967,402,415,462,447,555,771,784,529,973,993,453,799,805,541
Raw Hits
932,415,824,512,402,453,553,555,519,529,561,973,771,784,531,902,967,993,799,805,785
Soothing Vibes
799,561,402,415,453,553,555,519,529,973,771,784,902,967,993
Serene Tunes
439,764,402,415,453,553,555,519,529,561,973,771,784,531,902,967,993,799,805,816,818,850,853,932,524,639,40
Lively Tunes
792,561,313
Radiant Sounds
47,529
