34
Logan classicpop
92533350
500,510,536,556,559,601,627,638,674,683,702,706,712,771,792,916,406,954,990,803,834,841,859,906,920,759,762,775,652,966,710,908,909,919,972,881,901,865,890,923,684,688,40,288,886,431,804,708,863,918,254,903,151,817,700,864,883,911,845,894
6
70s Pop Hits
500,510,536,556,559,894
80s Pop Favorites
601,627,638,674,683,702,288,845
90s Pop Gems
706,712,771,792,916,601,627,638,674,683,702,759,762,775,803,834,841,859,906,920,911
Timeless Classics
406,601,771,916,954,990
Feel-Good Songs
803,834,841,859,906,920,886
Lively Atmospheres
771,706,601,627,638,674,683,702,712,759,762,775,803,834,841,859,906,920,652,792,916,431,708,710,881,901,865,890,923,972,406,883
