86
Evan classicrock
61227344
510,511,558,644,654,696,804,854,887,512,649,650,651,662,700,771,500,536,542,556,559,1,3,938,993,703,995,996,633,643,825,857,983,845,867,906,242,353,702,58,771,804,993
6
Classic Rock
510,511,558,644,654,696,804,854,887,512,938,993,995,996,649,650,651,662,58
Hard Rock Hits
644,654,696,804,854,887,702
Guitar Heroes
512,558,644,696,242
Rock Ballads
649,650,651,662,700,771
70s Rock
500,510,536,542,556,559
Epic Hits
651,512,510,511,558,654,696,633,649,650,662,700,643,906,804,644,887,938,993,995,996,771,353
