42
Adam 90srock
66167998
804,825,854,857,887,938,983,845,649,650,651,662,771,510,511,558,644,696,500,536,542,556,559,993,996,803,867,520,873,654,655,512,995,551,709,606,903,897,205,229,922,822,741,102,459,669,211,242,607,265,478,238,150,138,262,266,633,643,64,724,991,734,258,188,560,322,598,270,748,448
8
90s Alternative
804,825,854,857,887,873
Grunge Favorites
804,825,854,887,938,983,991,258
Post-Grunge Hits
804,825,845,854,887
Rock Ballads
649,650,651,662,771,510,511,558,644,654,655,696,804,854,887,512,500,536,188,542,556,559,938,903,598,897,825,857,983,845,993,996,803,448
Smooth Vibes
649,825,520,510,511,558,644,654,655,696,804,854,887,512,650,651,662,771,500,536,542,556,559,938,903,897,857,748
Hypnotic Journey
803,993,560
Raw Pulse
996,542,734,270
Serene Beats
825,643
