62
Samuel classicpunk
81474885
627,804,854,887,938,993,995,996,857,883,895,931,983,767,768,879,935,971,977,636,669,683,686,994,944,644,654,696,512,354,904,915,991,862,803,832,310,320,330,340,350,360,220,230,250,260,270,280,771,906,882,890,892,908,942,742,180,852,846,918,430,710,558,885,43,327,771,804,803
6
Punk Pioneers
627,804,854,887,938,993,882,890,892,908,942,857,180,327
Hardcore Punk
804,887,938,993,995,996,644,654,696,854,512,883,895,931,983,994,944,636,669,683,430,710,558,857,885,43
Post-Punk Revival
857,883,895,931,938,983
Anarcho-Punk
804,887,938,993,995,996,883,644,654,696,854,512,558,895,931,983,994,944
Ska Punk
767,768,879,935,971,977,354,994,996,904,915,991,862,803,832,310,320,330,340,350,360,220,230,250,260,270,280,771,804,906,742,852,846
Lively Hits
360,340
