79
Lucy popenthusiast
41309560
902,904,918,920,923,865,972,803,834,859,906,771,541,76,841,772,550,340,144,792,916,954,966,817,897,927,806,832,332,627,652,848,346,720,890,928,952,659,650,553,648,625,901,268,743,843,804,799,805,816,818,850,853,932,995,996,872,507,285,881,497,604,823,674,990,636,669,683,686,895
14
Top Pop Hits
902,904,918,920,923
Female Pop Stars
865,902,904,972,76,648
Dance Anthems
803,834,859,906,920,541,550,806,346,625
Catchy Tunes
803,834,859,920,972,144
Summer Hits
902,918,920,923,972,904,803,834,841
Feel-Good Pop
803,834,859,920,636,669,683,686,895
Radiant Hits
859,720
Energetic Tunes
803,972,772,340
Smooth Beats
841,803
Blissful Chronicles
834,906,803,806,832,859,920,848,928,952,841,902,918
Soothing Mood
332,792
Classic Flow
804,832
Funky Sounds
144,541
Hypnotic Collection
923,859,803,834,841,906,920,865,890,901
