6
Olivia diva songs
20233278
601,638,674,761,771,792,702,722,724,758,762,790,817,818,300,916,990,927,954,966,652,972,865,897,902,904,923,834,368,442,771,804,803
7
Powerful Ballads
601,638,674,761,771,792,916,954,966,990,300,652,972,927,817,865,897,902,904,923,702,722,724,758,834,368
80s Pop Divas
638,674,702,722,724,758
90s R&B Queens
761,762,790,792,817,818
Broadway Classics
300,601,771,792,916,990
Inspiring Songs
674,771,927,954,966,990,442
Soothing Collection
638,758
Dreamy Collection
702,300
