29
Zoe dancemania
99734112
803,806,859,906,920,928,952,834,841,901,902,918,904,923,890,972,781,64,669,412,339,627,652,674,916,817,897,966,792,954,990,605,455,546,44,771,804,865,927,758,832,848,88,899,471,661,749,524,541,646,861,516,880,812,380
8
Club Hits
803,806,859,906,920,781
EDM Favorites
806,906,928,952,380
Party Starters
803,834,841,859,906,920,412,455,546,44,880,812
Dance Pop Divas
834,841,859,901,902,918,669,339,904,920,923,890,972,803,906
Cosmic Journey
841,928,64,865
Energetic Atmospheres
918
Lively Mood
771,952
Raw Journey
546,652
