99
Victoria divafan
81920369
627,652,674,771,916,972,792,954,966,817,865,890,897,927,901,902,918,920,923,803,834,859,906,904,832,848,928,952,385,282,638,300,990,799,805,816,818,850,853,932,21,634,601,280,589,804
6
Pop Divas
627,652,674,771,916,972,601,638,954,792,966,300,990,927,817,865,890,897,385,901,902,280
Ballad Queens
771,792,916,954,966
Female Empowerment
817,865,890,897,927,966
Love Songs
771,792,916,954,966
Top Charts
901,902,918,920,923,972,904,865,890,803,834,859,906,771,792,916
Dreamy Sounds
817,901,589
