68
Jonathan hiphopfan
52726072
721,757,788,794,795,796,900,919,923,934,962,981,935,964,974,980,993,808,836,846,863,823,827,889,891,894,803,832,843,906,829,831,844,845,851,799,811,16,857,817,818,828,483,70
6
Golden Age Hip-Hop
721,757,788,794,795,796,823,829,831,844,845,851,900,919,923,934,962,981,799,811,817,818,828,808,836,846,863,935,964,974,980,993,803,832,843,483,70
Modern Rap Hits
900,919,923,934,962,981,16
Trap Bangers
935,964,974,980,993
Hip-Hop Collaborations
808,836,846,863,900,919
90s Hip-Hop
721,757,788,794,795,796,823,827,846,889,891,894,900
Rap Legends
823,827,846,889,891,894
