31
Hannah countrygirl
59783621
402,415,447,555,771,519,529,553,561,872,973,902,967,993,453,531,799,805,816,818,850,853,932,966,995,996,916,792,472,502,919,208,803,804,954,605,811,828,832,874,601,761,860,876,895,739,224,985,784,887,938,644,654,696,854,884,944,979,959,857,883,931,983,859,922,79,361,957,282,834,841,901,918,958,987,332,390,423,845,280,262,285,615,961,36,550,533,268,173,903,608,293,314,614,946
10
Country Classics
402,415,447,555,771,224
Modern Country
519,529,553,561,872,973
Country Ballads
402,415,447,555,771,519,529,553,208,561,872,973,902,967,993,453,531,799,803,804,805,816,818,850,853,932,966,995,996,916,792,954,860,876,895,784,605,811,828,832,874,601,884,944,979,959,857,883,931,938,983,614
Country Pop
872,902,967,973,993,402,415,447,555,771,739,784,519,529,553,561,453,531,799,803,314,961,36,805,816,818,850,853
Road Trip Songs
519,553,561,872,902,967,502
Funky Tunes
771,553,402,415,447,555,519,529,561,872,973,902,985,262,285
Energetic Sounds
771,402,472,919
Smooth Flow
792,966
Smooth Collection
853,799,946
Hypnotic Journey
995,224,804,887,938,993,996,644,654,696,854,860,876,895,973,884,944,979,771,805,816,966,959,954,857,883,931,983,859,922,799,818,850,853,932,79,361,957,282,834,841,901,902,918,958,987,872,332,390,423,845,280,402,415,447,784,519,529,553,561,967,453,531,615,961,36,803,550,533,916,792,472,502,919,208,605,811,828,832,874,761,268,601,739,985,173,903,608,262,285,293
