97
Sydney countrygirl
13067597
402,415,447,555,771,784,519,529,553,561,872,973,902,967,993,453,531,799,805,816,818,850,853,932,966,995,996,916,792,472,502,919,105,989,381,55,804,803,208,524,639,954,605
8
Country Classics
402,415,447,555,771,784,519,529,553,561,872
Modern Country
519,529,553,561,872,973,105
Country Pop
872,902,967,973,993,402,415,381
Country Ballads
402,415,447,555,771,784,989,55
Road Trip Songs
519,553,561,872,902,967
Serene Vibes
447,553
Hypnotic Chronicles
531,784,402,415,447,453,553,555,519,529,561,872,973,771,902,967,993,799,805,816
Lively Mood
872,529
