15
Liam partyplaylist
15280791
803,806,832,843,869,906,834,841,859,921,822,844,870,878,848,928,952,920,901,969,949,950,978,987,993,823,827,846,889,891,894,900,919,923,934,962,981,964,974,980,982,808,836,863,757,788,794,795,796,829,831,785,310,771,804,902,918,932,967,926,553
7
Ultimate Party Mix
803,806,832,843,869,906
Dance Floor Hits
803,834,841,859,906,921,806,832,920,848,928,952,901,902,918,932,962,967,878,926
Hip-Hop Club Bangers
822,844,869,870,878,906
EDM Favorites
806,832,848,928,952
Top Charts
803,834,841,859,906,920,894
Raw Collection
870,841,806,969,949,928,950,978,987,993,823,827,846,889,891,894,900,919,923,934,962,981,964,974,980,982,808,836,863,803,832,843,869,906,757,788,794,795,796,829,831,844,834,859,921,822,878,848,785,310,771,804
Energetic Sounds
806,878,553
