94
Aaron hiphopmix
15528338
823,827,846,889,891,894,900,919,923,934,962,981,935,974,980,982,993,808,836,863,803,832,843,869,906,721,757,788,794,795,796,806,834,841,733,473,287,629,594,364,541,972,740,135,464,804,771,606,895,57,191,964,312,78,499,882,924,930,963,997,817,865,890,897,927,966,829,831,844,845,851,522,374,298
9
Hip-Hop Classics
823,827,846,889,891,894,900,919,923,934,962,981,935,974,980,982,993,808,836,863,803,832,843
Modern Rap Hits
900,919,923,934,962,981,823,827,846,889,891,894,935,964,974,980,982,993,808,836,863,803,832,843,869,906
Trap Anthems
935,974,980,982,993,287,594
Rap Collaborations
808,836,846,863,900,919,629,541,298
Workout Mix
803,832,843,869,906,962,364,823,827,846,889,891,894,900,919,923,934,981,935,964,974,980,982,993,808,836,863,924,930,963,997,757,788,794,795,796,817,865,890,897,927,966,721,829,831,844,845,851
Party Anthems
803,832,843,869,906,962,374
Blissful Tunes
935,982,522
Dreamy Hits
364,795,823,846,889,891,894,900,919,923,934,962,981,935,964,974,980,982,993,836,863,803,832,843,869,906,721,757,806,312,972,740,135,464,804,771,808,788,794,796,834,841,733,473,287,629
Edgy Beats
863,923,499
