40
Julian metalmania
69487100
887,938,993,995,996,644,654,696,854,205,211,229,242,262,512,558,655,397,874,979,860,934,959,973,443,609,803,771,804,266,72,414,89,406,605,13,768,163,918,971,977,991,862,935,354,994,832,767,879,627,857,883,895,931,983,352,35,915,944,466,503,666
7
Heavy Metal Classics
887,938,993,995,996,666
Thrash Metal
887,938,993,995,996,605,918,971,977,991,862,935,354,994,803,832,767,768,879,627,804,854,857,883,895,931,983,771,352,35,915,944
Metal Anthems
887,938,993,995,996,466
Guitar Heroes
644,654,696,887,938,205,211,229,242,262,397,874
Hard Rock Hits
644,654,696,854,887,503
Edgy Vibes
993,996,205,211,229,242,262,644,654,696,854,512,558,655,397,874,979,938,995,860,934,959,973,443,609,266,804,72,414,89,406,13,768,163,887
Cosmic Flow
938,266
