8
Ava edmlover101
41807918
806,832,848,928,952,962,803,878,906,932,935,967,937,987,994,995,996,834,841,859,920,636,669,683,686,895,901,902,918,828,20,11,771,835,82,204,804,860,934,606,570,914,491,922,959,857,883,931,938,983,884,944,973,979,866,876,805,816,966,954,799,818,850,853,79,904,923,843,869,106,958,533,807,313,507,461,865,921,822,844,870,988,160,361,957,484,933,224,282,10,258,302,358,854,887,696,512,558,605,811,874,916,191,174,577,328,867,856,426,977,655,293,37,363,274,443,972,792,139,656,601,645,294,77,817,897,927,627,749,524,541,646,861,652,674,990,758,43,555,181,432,993,205,765,277,583,820,971,991,862,447,454,138,886,551,661,122,494,457,211,229,242,262,266,644,654,397,609,72,414,89,145,787,668,640
9
EDM Hits
806,832,848,928,952,962
Club Bangers
803,806,832,878,906,835,82,106
Festival Anthems
928,932,935,952,962,967,636,669,683,686,895,859,901,902,918,841,906,920,937,958,987,995,806,828,848,878,20,11,771,804,803,834,605,811,916,805,904,923,865,972,792,954,139,656,491,601,994,874,816
Chill Electronic
937,987,994,995,996,806,832,848,906,928,204,952,932,935,962,967,803,878,577,636,669,683,686
Rhythmic Collection
937,932,806,832,848,906,928,952,935,962,967,803,878,636,669,683,686,895,859,901,902,918,841,920,958,987,995,828,20,11,771,804,834,605,811,916,805,904,923,865,972,792,954,139,656,491,601,994,874,816,966,867,293,37,645,294,77,363,274,835,328,817,897,927,627,749,524,541,646,861,652,674
Smooth Collection
683,962,806,828,848,928,935,937,987,995,996,803,834,841,859,906,920,636,669,686,895,832,952,932,967,878,191
Smooth Chronicles
804,803,901,902,918,920,923,606,174,904,865,972,834,859,906,792,916,954,966,817,897,927,627,749,524,541,646,861,652,674,990,806,832,848,928,551,661,841,122,494,771,605,457,787
Smooth Sounds
82,959,205,211,229,242,262,266,644,654,696,804,854,512,558,655,397,874,979,938,993,995,996,860,934,973,443,609,72,414,89,145,640
Raw Atmospheres
914,856,668
