35
Aria newagefan
11538834
199,204,214,358,954,937,987,988,990,996,294,295,297,298,336,209,771,803,804,299,213,216,107,108,109,110,111,112,114,116,117,100,101,102,103,104,105,931,364,669,46,540,133,183,775,326,5,579,880,113,115,395,619,201,324,226,139,343,210,231,800,206,237,246,270,696,461,290,217,248,255,218,273,300,717,594,475,195,951,403,463,813,684
6
Relaxing Instrumentals
199,204,214,358,954,988,990,996,294,295,297,298,299,336,107,108,109,111,112,114,116,117,100,101,102,103,104,105,931,110
Meditation Music
199,204,214,358,954,183,619,343
New Age Sounds
204,214,358,937,987,199,954,988,990,996,294,295,297,298,336,209,540,133,775,326,100,101,102,103,104,105,107,139
Dreamy Mood
987,988,201,204,209,210,214,231,217,218,248,273,300,199,206,213
Blissful Beats
199,358,107,108,109,111,112,114,116,117,100,101,102,294,295,297,298,299,204,209,210,213,216,214,231,954,937,987,990,996,771,803,804,110,103,104,105,931,800,988,336
Funky Atmospheres
297,294,100,101,102,103,104,105,107,108,109,110,111,199,204,214,358,954,112,113,114,115,116,117,937,931,364,669,5,579,880,771
