19
Benjamin golden oldies
48886634
400,403,426,432,467,500,510,536,542,556,559,406,601,771,916,954,990,309,327,333,355,364,369,371,383,384,429,506,520,526,674,122,594,54,627,638,683,702,706,708,771,803,804
8
60s Hits
400,403,426,432,467
70s Memories
500,510,536,542,556,559
Classic Love Songs
406,601,771,916,954,990
Timeless Melodies
309,327,333,355,400,500,364,369,371,383,384,403,426,432,467,536,542,556,559,429,506,520,526,674
Energetic Flow
536,916,500,510,542,122,54
Lively Collection
542,916,594
Smooth Chronicles
916,510
Soothing Sounds
432,542,355,364,369,371,383,384,400,403
