11
Ethan rapenthusiast
48860068
827,846,857,889,891,894,964,980,982,993,823,991,995,900,923,934,962,981,808,836,863,832,843,721,757,788,794,795,796,869,906,806,834,841,733,829,831,844,845,851,799,811,817,818,828,668,935,517,676,727,290,783,617,974,363,503,797,117,48,470,182,803,108,439,965,132,361,615,619,924,930,963,997,865,890,897,350,508,281,270,771,919,927,966,241,204,73,804,562,802,578,71,645,458,895,135,473,574,979,424,312,972,740,464,57,191,287,629,594,693,468,709,471,775,364,541,165,973,911,599,346,168,272,94,830,762,902,633,606,406,386,106,593,38,253,78,499,882,522,448,585,926,803,804,771
13
Rap Classics
827,846,857,889,891,894,668,823,900,923,934,962,981,935,964,980,982,993,808,836,863,832,843,869,906
Trap Bangers
964,980,982,993,823,827,846,889,891,894,900,923,934,962,981,808,836,863,832,843,470,585
Hip-Hop Legends
823,827,846,889,991,721,757,788,794,795,796,900,923,934,962,981,964,980,982,993,808,836,863,891,894,935,832,843,869,906,806,834,841,733,517,182,350,281
Lyricists Lounge
827,889,891,894,991,995,851,721,757,788,794,795,796,900,923,934,962,981,935,964,980,982,993,808,836,846,863,823,857,727,290,783,617,974,832,869,829,831,844,845,799,270,919,803,811,817,818
Lively Beats
721,900,757,788,794,795,796,823,829,831,844,845,851,923,934,962,981,799,811,817,818,828,808,836,846,863,964,980,982,993,827,935,889,891,894,803,857,991,919,995,727,290,783,617,974,832,869,363,503
Serene Pulse
757,808,818,721,788,794,795,796,823,633
Epic Pulse
676
Chill Pulse
836,771,823,827,846,889,891,894,900,919,923,934,962,981,935,974,980,982,993,808,863,803,832,926
Raw Vibes
799,676
Classic Collection
831,823,721,757,788,794,795,796,829,844,845,851,900,923,934,962,981,799,811,817,818,508
Smooth Flow
995,783,448
Hypnotic Atmospheres
615,981,468
Raw Beats
619,796
