3
Michael hiphophead99
15334070
721,788,794,795,796,823,829,831,844,845,851,900,919,923,934,962,981,799,811,817,818,828,808,836,846,863,935,964,974,980,993,803,827,889,891,102,210,710,422,79,832,843,869,906,924,930,963,997,865,890,897,927,966,496,471,771,804,894,872,605,874,916,805,816,932,81,508,16,268,739,807,627,652,674,972,792,954,901,902,446,918,777,830,766,201,991,992,995,403,806,834,841,859,921,822,870,878,848,928,952,904,366,535,757,717,990,244,61,506,982,920,809,106,675,785,504,761,762,996,601,850,853,402,415,447,555,784,519,529,553,638,492,942,931,218,747,973,967,453,531,798,696,561,472,502,714,350,208,105,989,381,55,524,174,320,814,39,673,290,702,722,724,758,300,498,248,281,368,541,857,325,202,985,279,527,163,40,780,575,971,444,460,518,101,224,111
13
90s Hip-Hop Anthems
721,788,794,795,796,900,757,919,923,934,962,981,935,964,974,980
Early 2000s Rap
823,829,831,844,845,851,422
Modern Hip-Hop Hits
900,919,923,934,962,981,823,827,846,889,891,935,964,974,980,993,808,836,863,803,710,894,832,843,869,906
Classic R&B Grooves
799,811,817,818,828,829,61,605,832,874,916,761,762,792,805,816,932,966,995,996,601,771,954,850,853,872,402,415,447,555,784,519,529,553,638,674,492,942,931,218,747,973,902,967,993,453,531,851,798,696,561,472,502,919,714,350,208,105,989,381,55,524,803,804,627,652,972,865,890,174,320,814,39,897,927,901,673,290,702,722,724,758,300,990,498,248,834,281,368,844
Rap Collaborations
808,836,846,863,900,471,823,827,889,891,894,919,923,934,962,981,935,964
Classic Journey
836,721,102,210,79,81
Cosmic Essentials
811,919,605,828,832,874,916,805,816,932,966
Dreamy Tunes
832,788,111
Soothing Hits
721,799,894,924,930,963,997,757,788,794,795,827,900,919,923,934,962,981,808,836,846,863,803,832,843,869,906,817,865,890,897,927,966,823,829,831,844,845,889,891,935,974,980,982,993,496,717,872,508,807,811,818,102,627,652,674,771,972,792,954,901,902,918,920,777,990,809,106,675,804,851,210,710,79,471,605,874,916,805,816,932,841,785,504,541,796,964,81,16,268,739,446,830,766,201,991
Funky Sounds
845,721,823,827,846,889,891,894,900,919,923,934,962,981,935,964,974,980,993,808,836,803,832,843,869,830,766,201,788,794,795,796,991,992,995,403,829,831,806,834,841,859,921,822,844,870,878,848,928,952,904,366,771,506
Funky Flow
721,997,535,823,827,846,889,891,894,900,919,934,962,981,935,964,974,980,982,993,808,836,863,803,832,843,869,906,830,766,201,771,804,757,788,794,795,796,857,991,992,995,403,325,202,985,279,829,831,806,834,841,859,921,822,844,870,878,848,928,952,904,366,920,901,902,918,851,924,930,963,527,163,40,780,575,524,845,541,971,444,460,932,518,923,101
Edgy Pulse
244,889,224
Blissful Tunes
796,848
