71
Penelope singerdiva
18104031
601,638,674,771,916,954,792,966,300,990,627,652,972,927,817,865,890,897,901,902,904,923,918,803,799,805,816,818,919,433,834,841,859,906,905,159,924,804,706,708,712,759,762,710,908,909,683,536,702,775,988,720,340,920,500,510,542,559,406,820,881,684,688,40,390,763,370
7
Vocal Powerhouses
601,638,674,771,916,954,627,652,972,792,966,817,865,890,927,901,902,918,923,904,990,300,803,799,805,816,818,919,433,834,841,859,906,905,897,159,924,804,706,708,712,759,762,710,908,909,683,536,702,775,763
Ballad Queens
771,792,916,954,966,627,652,674,340
Broadway Stars
300,601,771,792,916,990,638,674,954,966,627,652,720
Pop Divas
627,652,674,771,916,972,988,390
Blissful Chronicles
865,954,370
Edgy Mood
712,702
Epic Tunes
904,638
