33
Madison kpoplover
40416728
935,980,990,991,997,998,999,1000,904,915,918,971,977,354,994,996,803,832,767,110,993,771,768,879,804,854,630,645,647,666,784,600,601,628,792,916,950,952,955,957,960,962,300,310,320,340,350,360,220,255,743,946,801,636,803,771,804
3
K-Pop Hits
935,980,990,991,997,998,255,946,636
K-Pop Girl Groups
997,998,999,1000
K-Pop Dance Tracks
935,980,990,991,997,998,630,645,647,666,784,600,601,628,771,792,916,950,952,955,957,960,962,300,354,904,918,971,977,310,320,340,350,360,220,743,801
