81
Claire edmlover
43021428
806,832,848,906,928,952,932,935,962,967,803,926,834,841,859,937,987,994,995,996,636,386,558,920,901,918,843,869,921,878,639,165,950,804,771,902,669,683,686,895,822,844,870,123,568,277,583,733,304,977,695,235,557,745,534
11
EDM Hits
806,832,848,906,928,952,803,920,834,841,901,918,932,935,843,869,859,921,822,844,870,878,902,123,568,277,962,967,583,733,304,977,695,771
Festival Anthems
928,932,935,952,962,967,386,803,806,843,869,906,834
Club Bangers
803,806,832,906,926,848,928,952,932,935,558,235
Dance Floor Hits
803,834,841,859,906
Electronic Chill
937,987,994,995,996
Classic Hits
935,952,806,832,848,906,928,932,962,967,803,926,834
Dreamy Sounds
834,994,534
Cosmic Chronicles
928,935,803,806,843,869,906,745
Dreamy Journey
962
Radiant Pulse
803,804
Edgy Chronicles
841,918,557
